0.180281
0.130091
0.0517713
-0.00788651
-0.0146037
0.0158497
0.0354491
0.0263166
-0.00281048
-0.0276216
-0.0272608
-0.0185327
-0.0144694
-0.0238994
-0.0391016
-0.0431546
-0.0405392
-0.0395099
-0.0462315
-0.0580121
-0.0565717
-0.0407685
-0.0183136
-0.00306345
-0.00449314
-0.0124962
-0.0144739
-0.00295779
0.015752
0.0231968
0.0132203
-0.00577949
-0.00944998
0.0180796
0.0608222
0.0907976
0.0779018
0.040076
0.00537255
-0.00836403
0.00202159
0.015689
0.0157183
0.00401238
-0.00992259
-0.0147459
-0.0112039
-0.00951547
-0.0110468
-0.0140576
-0.012665
-0.00772896
-0.00705671
-0.0141845
-0.0232466
-0.0255416
-0.0171469
-0.00485815
0.00254757
0.00245763
9.50316e-05
-0.000792953
0.00316279
0.00614252
0.0062449
0.0024591
-0.00203194
-0.00219233
0.00370866
0.00834966
0.0100081
1.05549e-17
6.25478e-18
3.12739e-18
-3.12739e-18
0
-5.47293e-18
-2.34554e-18
-2.34554e-18
0
7.03662e-18
3.12739e-18
-4.69108e-18
4.69108e-18
-1.09459e-17
-1.13368e-17
-6.25478e-18
-6.25478e-18
-5.86385e-18
-7.03662e-18
-3.90924e-18
-9.38217e-18
-1.25096e-17
0
0
4.69108e-18
7.03662e-18
-7.03662e-18
-7.81847e-19
-7.81847e-18
0
4.69108e-18
6.25478e-18
0
5.08201e-18
8.2094e-18
4.69108e-18
1.56369e-17
6.25478e-18
0
0
3.12739e-18
0
9.38217e-18
3.12739e-18
9.38217e-18
6.25478e-18
4.69108e-18
3.12739e-18
-1.56369e-18
2.73647e-18
3.12739e-18
0
-1.56369e-18
-7.81847e-18
-5.47293e-18
-3.12739e-18
-2.50191e-17
0
-1.25096e-17
-9.38217e-18
-9.38217e-18
-4.69108e-18
-1.56369e-18
3.12739e-18
1.56369e-18
2.73647e-18
0
-3.12739e-18
3.12739e-18
6.25478e-18
7.81847e-18
3.12739e-18
9.38217e-18
-3.12739e-18
3.12739e-18
-3.12739e-18
0
6.25478e-18
1.25096e-17
4.69108e-18
8.60032e-18
4.69108e-18
-7.81847e-19
6.25478e-18
3.51831e-18
1.56369e-18
0
1.56369e-18
3.90924e-18
6.25478e-18
-4.69108e-18
6.25478e-18
-1.25096e-17
-1.25096e-17
-1.25096e-17
-5.08201e-18
-7.03662e-18
-5.86385e-18
-6.25478e-18
-4.69108e-18
-5.86385e-18
-1.48551e-17
-6.25478e-18
-4.69108e-18
7.81847e-19
3.90924e-18
-7.81847e-19
-7.81847e-19
7.81847e-19
-5.47293e-18
-1.56369e-18
0
9.38217e-18
6.25478e-18
1.21186e-17
0.0100081
0.00834966
0.00370866
-0.00219233
-0.00203194
0.0024591
0.0062449
0.00614252
0.00316279
-0.000792953
9.50316e-05
0.00245763
0.00254757
-0.00485815
-0.0171469
-0.0255416
-0.0232466
-0.0141845
-0.00705671
-0.00772896
-0.012665
-0.0140576
-0.0110468
-0.00951547
-0.0112039
-0.0147459
-0.00992259
0.00401238
0.0157183
0.015689
0.00202159
-0.00836403
0.00537255
0.040076
0.0779018
0.0907976
0.0608222
0.0180796
-0.00944998
-0.00577949
0.0132203
0.0231968
0.015752
-0.00295779
-0.0144739
-0.0124962
-0.00449314
-0.00306345
-0.0183136
-0.0407685
-0.0565717
-0.0580121
-0.0462315
-0.0395099
-0.0405392
-0.0431546
-0.0391016
-0.0238994
-0.0144694
-0.0185327
-0.0272608
-0.0276216
-0.00281048
0.0263166
0.0354491
0.0158497
-0.0146037
-0.00788651
0.0517713
0.130091
