21805.895339
16017.972085
12584.827186
6534.272977
5674.802712
4584.121968
3527.240869
3002.081289
2190.151355
1838.643959
1682.469563
1561.699344
1427.275561
1341.266625
1319.497118
1045.958236
975.814404
844.655559
734.191644
703.100788
635.896979
562.241183
528.335104
492.736028
448.083399
435.917913
423.631753
388.735474
352.838919
343.452008
330.885588
315.809808
282.803295
272.955867
263.443190
242.213972
237.583808
224.226924
215.987050
193.507062
181.209584
179.060760
160.642383
159.254262
149.651987
141.605597
135.454629
129.754528
125.894654
116.564617
112.147728
107.338346
105.281905
103.300774
91.908233
87.825992
82.793890
80.770789
79.097127
74.471050
69.339673
64.347846
63.523441
61.438379
60.713572
57.939355
52.531517
52.244282
51.367168
46.793436
44.550861
43.338234
41.065780
39.660627
37.945032
37.365713
35.959796
33.488917
32.726075
31.853988
30.971863
28.785735
27.448827
26.788952
26.687533
24.278595
23.445800
22.735150
21.011904
20.158979
18.702978
18.422215
18.177728
17.123951
15.605856
15.495941
15.157593
14.861084
13.897367
13.056166
12.447028
11.975847
11.734691
11.125475
10.364667
9.610251
9.433337
9.088372
8.529737
8.037945
7.735153
7.500886
7.249808
6.714557
6.572052
6.111934
5.690882
5.398095
5.035084
4.827646
4.690718
4.322614
4.120485
3.759655
3.707646
3.569599
3.441131
3.231700
2.989435
2.863702
2.756983
2.611107
2.499763
2.441354
2.222581
2.184586
2.079572
1.951966
1.757186
1.569631
1.376541
1.280485
1.231099
1.197829
1.092254
1.033054
0.954195
0.873147
0.832080
0.809641
0.758931
0.660624
0.593825
0.514262
0.502323
0.489344
0.425617
0.397249
0.382071
0.372995
0.300198
0.291359
0.223410
0.194648
0.182907
0.145299
0.141888
0.136334
0.118852
0.107546
0.097321
0.095632
0.070198
0.066876
0.032537
0.023183
0.021195
0.013081
0.012737
0.000001
0.000001
0.000001
0.000001
0.000001
0.000001
0.000001
0.000000
0.000000
0.000000
0.000000
0.000000
0.000000
-0.000000
-0.000000
-0.000000
-0.000001
