17739.433185
11906.650655
9488.267611
7618.753996
6708.398425
5548.582129
4596.937383
4050.496379
3826.889684
3558.326042
3325.929816
2879.296180
2689.441426
2306.225867
2238.441374
2091.963889
1897.978616
1744.860081
1652.258693
1578.309853
1429.952961
1386.767476
1276.096187
1126.631271
998.124453
937.108411
928.383228
851.412570
814.169357
775.986025
735.580291
702.637745
669.928828
630.848219
581.540331
566.995536
529.368714
500.321768
463.437981
389.618895
383.364780
370.164198
365.186499
339.779463
328.242499
313.698572
299.092232
278.654083
272.404965
260.346267
243.809431
239.263795
224.598696
218.423195
206.254878
195.282990
191.867482
183.885845
177.658045
172.262108
162.321779
149.003647
142.555505
133.288979
125.818706
119.965509
118.903095
116.297104
111.465485
103.978285
102.063614
100.461684
95.116826
94.103636
90.409116
85.675117
84.534988
80.740730
77.452856
75.507677
74.324953
67.439362
64.184489
61.418822
60.363533
57.990176
56.195495
54.083221
50.657157
49.737625
46.125257
45.204389
43.217681
41.012200
39.567970
38.061177
36.772355
35.600087
34.568235
33.089193
32.965177
31.415340
30.192977
27.990243
27.741250
26.370306
24.796299
23.548259
23.053825
21.480431
20.558176
20.082018
18.740208
17.761927
17.486867
16.256753
15.428863
15.236213
14.387111
14.247921
13.179891
12.780984
12.578478
11.702363
11.260176
10.580140
9.954256
9.247489
9.068657
8.703808
8.528192
7.818943
7.520832
6.949345
6.775020
6.466558
5.818557
5.655260
5.407545
4.923324
4.905482
4.652944
4.355779
4.087566
4.012658
3.685681
3.323154
3.148787
3.095770
2.936208
2.784495
2.599570
2.298733
2.231291
1.819087
1.680839
1.615285
1.461092
1.447060
1.204006
1.146325
1.003917
0.925236
0.776228
0.757196
0.650760
0.606545
0.493624
0.435746
0.416769
0.393509
0.287508
0.273655
0.214853
0.203781
0.158631
0.131435
0.106548
0.055558
0.000014
0.000007
0.000006
0.000006
0.000004
0.000003
0.000002
0.000002
0.000002
0.000000
-0.000000
-0.000000
-0.000000
-0.000001
-0.000002
-0.000003
-0.000006
