14076.736944
7709.791399
6158.036280
5299.406786
4859.383639
4211.245058
3551.163545
3173.831382
2747.586835
2373.464445
2238.922845
1794.598684
1610.629748
1546.918971
1343.415139
1239.098156
1133.288295
1076.075214
1041.348769
880.365609
788.693565
763.087744
724.359875
636.220290
623.204483
598.866883
559.299929
530.984350
493.656501
490.289636
443.468153
409.610589
397.086687
369.066766
348.926357
314.811800
291.217811
274.047425
264.674823
244.860839
234.900882
221.625126
208.136543
201.854687
197.062873
185.278869
174.857128
169.414448
157.533366
154.346814
151.234752
133.752048
127.557268
120.804835
115.793403
112.011462
107.044255
102.381368
98.730979
94.932297
91.478294
87.851910
79.847949
77.393805
76.340575
72.492422
69.482496
65.811863
63.838126
61.201562
58.540517
56.212455
53.236985
50.193916
46.854615
43.885486
42.280025
40.695378
38.675560
37.826840
36.637997
34.790491
33.787446
33.328549
31.900826
28.989205
28.648799
27.534855
26.478125
24.841383
23.176198
22.282154
21.432498
20.033074
19.016664
18.065612
17.546162
17.282715
15.755951
15.643709
14.642343
13.374110
12.442475
12.270426
11.968198
11.489546
10.752408
10.147091
9.671978
9.213841
8.879304
8.200087
8.045023
7.668904
7.525060
7.019744
6.520894
5.927894
5.785502
5.230895
5.004250
4.772515
4.690386
4.354312
4.321078
3.947744
3.593724
3.465987
3.282683
3.013069
2.781877
2.609191
2.558598
2.209695
2.099019
2.027647
1.938205
1.693741
1.637094
1.447058
1.381150
1.315911
1.279728
1.043142
0.962550
0.880300
0.771623
0.684410
0.629163
0.617511
0.595089
0.502342
0.474578
0.461397
0.429671
0.369289
0.299255
0.270227
0.238183
0.223174
0.209220
0.189975
0.165141
0.142780
0.120058
0.110020
0.097320
0.079529
0.068094
0.053877
0.045171
0.035226
0.027846
0.023431
0.018059
0.011054
0.009553
0.004174
0.002536
0.000004
0.000004
0.000004
0.000003
0.000003
0.000002
0.000002
0.000002
0.000002
0.000001
0.000001
0.000001
0.000001
0.000001
0.000000
0.000000
-0.000001
