15280.993903
10603.012751
10057.637372
7297.118668
5596.642533
4898.844700
4188.551460
3237.076738
2735.181157
2216.714409
1818.847259
1694.003159
1376.796502
1231.618893
1155.757517
905.488014
873.951498
773.193366
676.112305
622.284919
580.554887
559.330366
475.197434
452.862808
392.100251
349.006791
334.693016
304.193365
281.066366
254.980304
247.099367
231.298135
213.893243
203.842065
180.734996
167.701326
148.149956
140.505411
135.400250
132.557059
123.935540
115.661490
107.019850
100.142024
95.525618
91.965320
86.745677
84.127134
77.621727
74.887110
69.216155
67.840084
63.249931
58.002968
56.029028
54.423234
50.908988
48.030428
45.385241
44.359843
43.153034
42.790346
38.870258
36.890382
34.486625
33.202399
30.400294
30.262142
28.665192
28.370160
25.145879
24.896037
22.485515
21.014480
19.695377
19.397958
18.281984
18.075619
16.585788
15.787155
15.439550
14.724525
14.239533
13.695688
12.980977
12.121998
11.699180
11.002293
10.447052
9.540034
9.431568
9.169438
8.814382
8.136126
7.920332
7.565303
7.313675
6.714730
6.288057
5.887717
5.773215
5.600048
5.476323
5.163263
5.091088
4.499583
4.377035
4.292401
3.841248
3.692012
3.443098
3.341455
3.124976
2.955430
2.638446
2.515992
2.372569
2.238359
2.113382
2.025348
1.884940
1.748212
1.690420
1.568522
1.473698
1.445427
1.337743
1.166510
1.116064
1.074468
0.982545
0.911551
0.832827
0.803282
0.758646
0.701803
0.589335
0.567553
0.523794
0.492885
0.445284
0.438254
0.392407
0.365516
0.321455
0.296822
0.269601
0.257784
0.216571
0.212170
0.182924
0.176424
0.131833
0.124357
0.122737
0.110953
0.089949
0.084974
0.072182
0.069889
0.059737
0.055880
0.044737
0.041154
0.031547
0.025218
0.021616
0.016384
0.014536
0.012415
0.011378
0.009999
0.007049
0.004342
0.003322
0.002319
0.001809
0.001050
0.000584
0.000034
0.000010
0.000010
0.000010
0.000007
0.000006
0.000005
0.000005
0.000004
0.000003
0.000003
0.000002
0.000000
0.000000
0.000000
0.000000
0.000000
