18910.337296
14930.798727
8131.105556
7507.170538
5502.656631
4789.531341
4665.713393
4213.345969
3592.104820
3476.539428
2673.805187
2419.815618
2225.776438
2039.092247
1949.753309
1817.306717
1595.216777
1470.840247
1365.387972
1102.520936
1059.454712
1008.771616
867.946495
842.355927
775.817112
743.810583
673.538130
608.814669
593.192460
568.643249
520.605820
488.094338
478.261863
431.354742
395.175547
370.286221
336.909039
332.874991
314.690175
299.879700
276.964969
262.693883
259.490383
238.380873
235.630409
224.395537
217.664856
183.224084
179.174141
171.560663
159.491738
155.616953
149.721781
144.865828
135.092059
131.309640
122.896766
121.136833
113.449441
110.140243
107.006284
105.472359
96.513294
93.153817
91.245177
87.967821
82.627418
78.984859
74.572506
71.886381
71.455001
66.352851
65.570890
61.131053
57.999973
55.653418
54.603205
50.144674
48.858432
46.258097
44.319811
43.184379
41.456339
40.850365
39.591313
36.874055
33.986168
33.384133
31.264872
30.214200
28.720097
28.293099
26.962824
25.653679
24.331243
23.221082
22.558545
21.892227
21.083215
19.114681
18.152337
17.978738
17.376065
16.529985
16.105883
15.142107
14.890026
14.537307
14.095657
13.302140
13.112596
12.006880
11.007045
10.822843
10.101171
9.912725
9.538237
8.786279
8.188791
7.900518
7.444955
6.956062
6.838567
6.542549
6.440865
6.217635
5.988139
5.750608
5.443954
5.148175
4.906938
4.766716
4.286462
4.119040
3.770604
3.447301
3.325820
3.094902
2.925211
2.889191
2.783480
2.542833
2.161246
1.971365
1.935320
1.859634
1.756800
1.676779
1.561749
1.545424
1.388274
1.320365
1.171394
1.088479
0.932471
0.884178
0.802779
0.701054
0.664828
0.596648
0.524051
0.498547
0.434566
0.411078
0.366241
0.322202
0.285648
0.268808
0.235230
0.202140
0.182164
0.171493
0.131955
0.118665
0.083382
0.065686
0.050895
0.028696
0.021822
0.000011
0.000007
0.000004
0.000004
0.000003
0.000003
0.000002
0.000001
0.000001
0.000000
-0.000000
-0.000000
-0.000001
-0.000003
-0.000003
-0.000008
-0.000012
