10587.747182
10026.696433
7827.194587
5117.379861
4201.701372
2889.010681
2507.108294
2368.562896
2010.896308
1548.662818
1312.201304
1159.660188
1029.761573
884.101902
726.027372
705.600062
608.698478
542.145478
498.509837
441.119362
433.087762
414.482839
351.356185
331.287006
313.374405
284.583109
271.377152
258.935000
236.697949
226.874237
216.938331
181.457791
171.550354
168.721180
154.857565
147.491047
140.125219
132.358964
126.887433
120.383580
108.244770
105.119767
98.154749
94.132032
92.524010
87.823929
85.069474
82.573144
79.170428
72.129470
69.956756
64.981399
61.228981
61.023035
58.341324
53.619922
51.146996
49.901988
49.414108
46.701872
45.659003
41.223338
38.236535
35.945005
35.151539
34.062373
32.024205
31.452618
29.507161
28.385472
27.057549
26.254129
25.245754
24.045453
23.380808
21.380217
20.256692
19.561839
18.482397
17.606930
16.376902
16.153131
15.392333
15.165393
13.499114
12.805766
12.405399
12.334933
11.207346
10.919689
10.438128
9.607190
9.109599
8.318494
8.052744
7.983992
7.957887
7.217366
7.044272
6.857899
6.783750
6.185376
5.787518
5.426988
4.979089
4.909671
4.582854
4.182715
3.900903
3.802825
3.643309
3.201832
3.074268
2.974876
2.853656
2.796994
2.587418
2.468104
2.254540
2.203224
2.090405
1.993400
1.932565
1.661871
1.528459
1.438037
1.317249
1.236630
1.092358
1.086282
1.014209
0.968189
0.910144
0.878158
0.756020
0.729658
0.704014
0.647312
0.544708
0.446892
0.430714
0.426014
0.359229
0.338350
0.312963
0.297067
0.278263
0.263656
0.235423
0.220613
0.202064
0.172581
0.169118
0.145654
0.132024
0.113237
0.104870
0.083776
0.076925
0.063487
0.061622
0.055088
0.047154
0.039471
0.037227
0.023334
0.022112
0.018399
0.017345
0.011246
0.009956
0.007201
0.005754
0.005137
0.004333
0.003078
0.002189
0.001492
0.001209
0.000016
0.000010
0.000009
0.000006
0.000005
0.000005
0.000005
0.000004
0.000003
0.000003
0.000002
0.000001
0.000000
0.000000
0.000000
0.000000
0.000000
