18227.964535
14294.416908
11018.634178
7656.239959
5454.788701
4769.259810
4282.251829
3342.275959
2916.343758
2643.493297
2146.636758
1698.643661
1555.851809
1376.196276
1329.268125
1274.116738
1151.821274
1002.905465
952.164446
923.881251
798.404837
720.983238
698.318873
668.150660
616.894474
604.535601
540.468396
524.399752
517.622677
504.669590
442.507032
413.176834
387.901556
350.413957
331.969991
318.357660
306.702387
294.782838
272.416961
267.237158
242.873953
238.185312
228.263579
216.708694
208.245461
204.190495
178.663519
177.062027
169.802609
156.587010
154.481665
144.179363
138.230510
132.866694
127.745129
123.727132
116.919865
114.716335
106.882118
105.264576
100.347643
95.456468
87.710987
87.433361
85.564054
83.346268
79.957282
73.755873
72.918674
69.635892
68.382668
65.940354
62.725966
60.686362
56.884919
55.535981
54.925104
53.203270
49.351484
47.785107
45.328709
42.594192
41.032592
38.855440
37.996400
36.788582
34.573966
33.677246
32.799503
31.550182
30.733203
28.588939
26.873060
26.328869
25.852789
25.115598
24.068307
23.055411
22.151810
21.634819
20.872822
20.006621
19.353572
18.130830
17.236526
16.362653
16.186264
15.211903
14.813549
14.336812
12.868352
12.553197
11.924426
11.371154
10.232666
10.022396
9.956348
9.554926
9.154651
8.668934
7.906970
7.722265
7.366725
6.830173
6.524098
6.323655
6.033759
5.693212
5.401217
5.242001
4.926623
4.612221
4.357705
4.350922
4.106016
4.031939
3.698308
3.382782
3.123975
2.802503
2.662618
2.554855
2.444512
2.285353
2.156917
1.932443
1.749708
1.702020
1.668640
1.395908
1.312284
1.239931
1.193075
1.017515
0.965718
0.872737
0.817180
0.735237
0.667301
0.636311
0.553299
0.471364
0.446439
0.390617
0.364096
0.314275
0.285580
0.233857
0.220140
0.206516
0.188443
0.154442
0.131117
0.099248
0.092765
0.067341
0.045119
0.023529
0.015439
0.000005
0.000002
0.000001
0.000001
0.000001
0.000001
0.000001
0.000000
-0.000000
-0.000000
-0.000001
-0.000001
-0.000001
-0.000002
-0.000004
-0.000005
-0.000008
