16271.613758
12038.145756
11854.130445
8260.623327
6160.712873
5048.884283
4481.396725
3682.083073
3559.275031
3143.821213
2805.576012
2416.844568
2036.185837
1931.931016
1660.664112
1609.446126
1455.340416
1386.209215
1158.932174
1122.286746
1104.366450
946.479761
922.643861
871.008213
767.614280
694.959488
655.247669
632.477856
591.329991
572.087673
516.812993
502.053969
464.569501
439.334329
428.633845
398.296508
395.077370
377.334516
363.040379
341.383487
324.960579
317.886453
306.066541
286.441462
266.635783
255.748281
249.722677
235.577211
226.844926
216.723106
212.371315
207.126545
197.829371
190.674787
176.066912
173.210112
164.088417
161.478271
146.237181
139.772732
132.296684
126.090927
119.945438
116.856930
109.950723
107.193443
104.832587
94.547734
94.254529
89.371315
86.507362
83.674248
81.377180
75.365899
75.014668
70.639053
66.683507
65.340939
64.568973
58.936519
58.402191
55.697405
52.004112
50.266206
49.434610
47.125074
45.466191
44.505361
42.569684
40.355566
37.816662
37.093076
36.231381
33.670158
33.351022
33.010653
30.890151
28.341130
27.798265
27.310692
26.565435
25.270599
24.486269
22.901060
21.607056
21.496323
20.187248
19.484082
19.172184
18.027104
17.132687
16.718280
16.431792
15.538571
15.470192
14.805017
13.348479
13.130008
12.324681
11.387454
10.918235
10.216431
9.841830
9.535642
9.231709
8.917586
8.728083
8.610240
7.813496
7.361530
7.200372
6.657981
6.466655
6.220224
6.056642
5.548570
5.348382
5.189556
4.765843
4.426116
4.072245
3.667199
3.507842
3.332960
3.115415
2.906020
2.769587
2.673819
2.399292
2.138028
2.099911
2.053442
1.786926
1.633593
1.504210
1.421779
1.277744
1.210722
1.123484
1.025091
0.884037
0.826929
0.770915
0.697836
0.623433
0.508712
0.484194
0.462331
0.432016
0.387072
0.310134
0.288615
0.229362
0.211409
0.191025
0.162194
0.110242
0.068840
0.043339
0.000015
0.000007
0.000006
0.000005
0.000002
0.000001
0.000001
-0.000000
-0.000002
-0.000003
-0.000008
-0.000011
-0.000011
-0.000012
-0.000012
-0.000012
-0.000013
