13932.986517
11226.572421
10411.305557
6943.023511
6389.872508
4643.970272
4015.243524
3229.322227
2893.777331
2601.160458
2079.846104
1818.362247
1761.601893
1666.764133
1407.360490
1171.223447
1064.038891
967.071596
829.085493
812.950810
787.859723
690.030014
634.369482
567.125345
539.515073
500.098684
487.006709
462.045946
400.972683
388.161227
378.743918
353.843680
332.720830
326.672403
303.229868
273.861412
259.415251
247.167833
232.944766
225.209944
221.970560
202.093222
192.185820
187.174013
179.597847
172.744965
160.432315
153.848630
136.812719
133.665080
126.744923
125.624843
119.969557
113.182979
110.940596
108.882862
102.886084
99.043594
93.724831
88.845606
84.922709
82.386480
78.085157
73.321866
69.733274
65.501811
64.586155
61.875646
58.700302
57.621281
54.754531
52.955809
51.117116
49.422824
47.449779
45.991165
44.689369
42.921574
40.624764
39.490067
38.777752
35.875683
34.343152
32.895115
32.359820
29.769471
27.686620
26.914024
26.665978
26.391952
24.816716
24.371918
22.154746
22.041878
21.021066
19.793690
18.884290
18.030114
16.639758
15.583222
14.996366
14.299859
13.699576
12.594638
12.115230
11.761359
11.422217
10.626228
10.320698
9.737212
9.540407
9.262527
8.757157
8.493338
7.958341
7.757301
7.458980
6.880107
6.556200
6.129418
5.858460
5.530486
5.149502
5.018427
4.798163
4.334098
4.211478
4.102280
3.836846
3.765432
3.601952
3.492393
3.158340
3.114217
2.524726
2.388162
2.210395
2.150851
2.102249
1.957148
1.870226
1.729994
1.573491
1.549011
1.502576
1.390966
1.238082
1.109169
1.050297
0.969573
0.896287
0.734089
0.708831
0.587316
0.556304
0.498080
0.485974
0.403590
0.385938
0.360313
0.301151
0.283333
0.255849
0.228391
0.207545
0.152704
0.143826
0.123352
0.118530
0.104055
0.095505
0.078558
0.051619
0.040744
0.029396
0.022859
0.014958
0.007414
0.005288
0.000012
0.000003
0.000002
0.000002
0.000002
0.000001
0.000001
0.000001
0.000000
0.000000
0.000000
0.000000
-0.000000
-0.000002
-0.000006
-0.000008
-0.000011
