17179.402323
12460.848624
9042.596703
6778.410042
5794.051865
5319.199208
3736.807701
3564.164086
2828.009230
2562.918040
2350.773528
2186.675233
1785.649869
1724.009402
1616.371729
1582.144618
1452.143223
1373.852125
1232.227641
1077.529118
1071.988301
994.206933
970.480099
886.929129
821.331844
759.054694
746.271522
676.510315
631.806916
604.895638
582.478692
547.509343
507.838368
493.490752
490.493328
442.940398
405.292210
395.105487
371.172501
367.825492
343.056139
308.508256
303.485577
292.997296
277.180396
265.624591
263.444088
246.846540
244.997461
236.479968
220.685966
216.138081
198.705553
187.599734
186.767046
180.031616
173.410850
166.637203
161.086810
152.192256
147.293372
143.507392
138.682591
134.813870
128.488161
120.256019
112.521208
108.412350
104.240082
101.572785
98.151371
94.907846
91.351316
86.234810
83.757568
80.987512
77.865536
75.031557
71.739443
66.913068
63.948631
58.903533
58.350939
57.248723
54.978678
52.922272
50.669851
48.304329
45.837780
44.554030
43.728130
41.848651
38.641829
38.313226
37.955498
37.244724
35.591895
33.909752
33.043688
30.767799
29.540172
28.712640
27.507706
25.322512
24.556588
23.923674
23.142327
22.854478
20.739343
18.869814
18.206104
18.035391
16.650304
15.680186
15.359799
15.023049
13.588764
12.918935
12.173235
11.996825
11.168986
10.948287
10.602428
10.435620
9.769224
9.660283
8.818026
8.681956
8.155663
7.314664
7.191236
6.944361
6.597706
6.447229
6.220970
5.639512
5.141969
5.104666
4.698743
4.651195
4.202366
3.945902
3.573783
3.550479
3.154955
3.049328
2.965172
2.881971
2.674946
2.390078
2.198386
2.076677
1.973029
1.593281
1.583153
1.397004
1.298929
1.218717
1.203300
1.135603
0.932033
0.925354
0.872909
0.663259
0.614729
0.575388
0.514645
0.433093
0.420544
0.346597
0.319777
0.270665
0.204991
0.161522
0.125982
0.084563
0.069272
0.057977
0.047490
0.000012
0.000005
0.000003
0.000002
0.000002
0.000002
0.000000
-0.000000
-0.000000
-0.000001
-0.000001
-0.000001
-0.000002
-0.000006
-0.000013
-0.000014
-0.000016
