13806.267202
10771.413588
9079.466920
7318.726340
6123.590787
5138.510203
4734.010704
4347.980619
3721.992458
3371.377121
3035.961242
2672.223468
2317.768539
2026.939540
1781.240971
1534.904708
1347.536641
1339.975839
1223.175007
1058.973012
975.125719
912.455168
900.021752
866.359172
780.361688
738.368930
654.282269
590.313138
577.362253
561.165212
501.048081
467.018008
442.790166
402.014140
395.437888
388.008546
363.382835
331.714865
309.767849
283.371790
264.231657
262.599969
239.791487
235.133744
220.540452
214.372990
198.243833
196.979546
183.896167
169.119824
168.031156
166.477107
154.802546
150.992770
142.576313
134.883894
134.234387
124.370014
119.769021
114.187029
105.259225
100.480471
98.565357
90.236563
87.706875
83.271009
81.621201
79.565475
75.299857
70.711166
68.009776
67.410572
63.607968
63.361354
56.864027
55.482145
51.545417
49.488312
48.139964
46.416430
44.258108
42.114034
41.341558
39.800075
37.643540
36.126856
31.768209
31.404607
30.310186
29.909950
29.503739
27.587274
26.647829
25.618593
24.328632
21.349964
19.949236
19.504329
18.619157
18.052755
17.426995
16.601936
15.679107
15.100504
14.889729
13.927756
13.474379
12.586349
12.103279
11.612338
11.201693
10.559493
10.202386
9.773170
9.355717
8.854068
8.239843
8.104705
7.812264
7.281314
6.942976
6.544325
6.184759
6.104134
5.748089
5.503268
5.410858
5.229947
4.958230
4.825483
4.387442
3.661933
3.507815
3.427950
3.273081
3.006334
2.968261
2.772888
2.693425
2.396295
2.342635
2.324049
2.205857
1.882364
1.821130
1.690110
1.528385
1.381034
1.288000
1.239905
1.057300
0.981989
0.883829
0.814291
0.703076
0.629492
0.549089
0.539103
0.485547
0.465009
0.394617
0.370960
0.334825
0.314267
0.260090
0.228583
0.207469
0.179681
0.150870
0.128166
0.122756
0.089031
0.067317
0.051160
0.043789
0.036587
0.033199
0.020359
0.013609
0.000007
0.000001
0.000001
0.000001
0.000001
0.000000
-0.000000
-0.000001
-0.000001
-0.000001
-0.000003
-0.000004
-0.000005
-0.000006
-0.000006
-0.000006
-0.000010
