19004.711613
9535.016443
8286.364953
6419.712908
5244.575942
4742.739866
4004.507323
3695.599410
2951.298271
2515.197524
2318.403979
1936.230342
1806.392067
1543.425505
1499.628090
1296.578785
1269.824647
1210.817272
1140.104150
966.905875
864.022442
786.531788
728.718920
652.375015
621.220646
593.950526
576.230396
535.756213
502.184446
469.417143
439.801494
430.943198
404.859078
372.925346
359.657403
353.406594
327.401653
305.662272
301.339948
292.597294
284.240216
264.053096
239.723150
236.887432
224.160214
215.420641
209.005124
195.269576
188.964585
182.008200
174.516098
170.794846
158.311970
150.019712
149.713305
145.211276
139.842284
136.131978
135.625414
129.458342
120.250881
116.188737
111.564734
110.536994
105.823202
101.271214
98.822209
92.689334
89.784059
86.499494
85.863324
78.795127
75.390896
73.335310
70.999669
68.524946
67.647516
62.155135
61.432454
60.378806
58.634510
55.072056
54.093898
51.738010
49.111862
47.987916
47.161075
45.374321
44.505168
43.669004
42.117834
40.546943
38.290258
35.494680
34.157544
32.336670
32.126824
30.137045
29.646593
29.121012
27.211005
26.660647
25.043851
24.340559
24.176650
22.199387
21.086561
20.414760
20.024071
19.451783
18.346474
17.183882
16.829154
16.035500
15.398540
13.959374
13.612754
12.946269
12.593183
12.144680
11.368825
11.313081
10.777439
10.031338
9.489423
8.927498
8.623907
8.178890
7.928904
7.749983
7.030468
6.498904
6.123397
5.997927
5.826439
5.701967
5.457984
5.191557
4.758080
4.596674
4.171177
4.089783
3.977732
3.717608
3.335775
3.226816
2.905921
2.581963
2.342048
2.230007
1.988767
1.925875
1.785004
1.684473
1.651973
1.496406
1.376813
1.267331
1.144491
1.035452
0.877508
0.820248
0.793847
0.695280
0.670843
0.608381
0.602399
0.507409
0.432010
0.366364
0.292702
0.267905
0.196149
0.164244
0.125942
0.095195
0.064231
0.046328
0.026716
0.000031
0.000007
0.000005
0.000003
0.000001
0.000000
0.000000
-0.000001
-0.000001
-0.000002
-0.000003
-0.000005
-0.000007
-0.000007
-0.000009
-0.000011
-0.000012
