26707.306764
16058.327422
14269.882927
9308.514555
7974.526552
5555.577994
5492.058301
4170.842878
3522.897920
3300.104350
3159.900209
2507.807350
2093.901323
1762.379871
1604.396181
1527.342881
1240.455013
1102.198498
937.342940
923.443712
852.926464
805.361912
745.175157
689.918396
645.881004
592.368530
572.053127
560.526499
481.814645
460.518634
413.456368
402.567505
387.849019
374.110748
357.890729
350.682737
301.505307
282.549156
267.317272
258.759944
230.164718
225.686730
216.200677
197.083869
196.170432
184.701228
174.452563
166.177516
154.667893
148.409955
137.870895
130.286265
124.817754
121.109258
112.158536
104.759947
101.866718
99.611650
97.218397
87.775378
84.341425
79.938023
77.260487
72.381923
70.223274
68.222453
65.651166
62.156689
60.625478
57.311879
54.431820
51.580875
50.794692
48.551934
45.058855
43.356556
40.539276
38.322088
38.303836
34.618079
34.291003
32.923463
31.107712
30.339336
29.482777
26.723905
25.458060
23.737099
23.243443
23.026996
21.967675
20.355214
20.323741
19.031122
18.826758
17.923862
17.727694
16.530389
15.521275
14.644851
14.106585
13.156828
12.618149
12.105081
11.915863
10.973070
10.268611
9.576858
9.433507
8.960668
8.608141
8.400015
7.836389
7.461460
7.350334
7.076727
6.794432
6.332058
5.534315
5.396387
5.256475
5.087496
4.879876
4.515864
4.377790
4.132179
3.797253
3.725406
3.443411
3.158196
3.026055
2.947765
2.777970
2.597027
2.448994
2.101020
1.970043
1.936994
1.843989
1.666981
1.623085
1.556366
1.420800
1.347999
1.215318
1.142856
1.014679
0.957157
0.881554
0.814874
0.806165
0.713474
0.702261
0.615490
0.559924
0.539240
0.481297
0.436944
0.377147
0.334546
0.311392
0.280727
0.262249
0.210043
0.203743
0.190513
0.166933
0.147803
0.101216
0.093708
0.090701
0.068965
0.053938
0.045081
0.039785
0.033353
0.020818
0.018711
0.015398
0.000001
0.000001
0.000001
0.000000
0.000000
0.000000
0.000000
0.000000
0.000000
0.000000
0.000000
0.000000
0.000000
0.000000
0.000000
-0.000000
-0.000000
