15433.923801
11065.528026
7008.778851
6367.155879
5747.673258
5015.865356
4271.417847
3724.402404
3199.995594
2572.382131
2343.597774
2141.442077
1938.546232
1812.950001
1390.000384
1347.980232
1249.875905
1146.547900
1126.888373
944.769055
844.840631
799.783017
741.099979
712.025777
675.761710
638.729387
623.932841
568.338401
512.982559
502.614491
467.203986
453.176972
419.042427
398.250950
382.357686
359.010980
337.188488
320.936983
307.750231
284.358247
279.778358
260.508888
238.998136
230.762465
215.843534
213.495255
204.160602
191.935956
173.542150
169.154055
164.435350
159.059216
147.977674
142.467653
135.694976
128.740063
124.346626
115.706404
112.943829
111.573828
108.496650
106.184384
98.725290
96.249763
91.973465
86.130797
82.139204
79.922298
74.986786
73.787911
71.311247
68.149944
66.233361
65.484759
63.807886
61.585254
58.660645
56.729643
53.777431
52.330538
50.703346
47.402732
46.771400
44.935257
44.070275
42.152998
39.726726
37.913730
36.938769
34.204408
32.591589
31.036271
30.724097
30.197328
28.503310
27.839237
26.602682
25.086316
22.407454
21.999319
21.619914
20.367112
20.133473
18.901468
17.991604
17.701445
16.412848
15.746942
14.814310
14.189091
13.747139
13.443010
12.571309
12.414657
12.246075
11.816625
11.013051
10.044873
9.821275
9.534155
8.953130
8.762720
8.285039
7.819411
7.426081
6.844991
6.259843
5.952565
5.666442
5.413855
5.270181
5.004291
4.821333
4.275505
4.224404
4.008549
3.642989
3.510660
3.336236
3.141566
3.069730
2.998199
2.617729
2.322357
2.207213
2.162946
2.005013
1.928813
1.742504
1.600091
1.473839
1.401145
1.311349
1.276508
1.186398
1.092181
1.031011
0.881995
0.778348
0.692309
0.680574
0.591891
0.521387
0.499268
0.468054
0.456592
0.366621
0.337935
0.319757
0.256174
0.188784
0.179964
0.149001
0.134979
0.105528
0.062698
0.053208
0.043220
0.038338
0.000014
0.000010
0.000005
0.000004
0.000003
0.000002
0.000002
0.000001
0.000001
-0.000000
-0.000000
-0.000000
-0.000001
-0.000002
-0.000004
-0.000004
-0.000004
