15815.728325
10211.144172
8849.028559
5447.330278
5010.383906
4200.155653
3379.592447
2895.380265
2018.291629
1921.473100
1584.192807
1482.074737
1409.320445
1210.068608
1084.924722
1010.124469
816.905788
745.559896
638.394986
571.981208
545.929281
495.779276
482.325879
418.513997
396.614028
363.895851
352.951367
316.471700
295.157743
268.837785
251.810037
239.682232
235.484467
208.393049
193.871074
191.491488
178.540867
165.730552
158.377858
139.860447
138.401939
127.928120
120.091113
114.357935
107.197828
102.846559
98.291554
96.543915
85.559803
82.597883
78.369409
77.127917
72.057984
67.634776
61.924520
57.818745
57.150377
54.893947
50.945919
49.341607
47.349536
45.130311
42.731681
42.379278
40.060087
34.583646
33.241942
32.142055
30.425648
29.268699
27.703643
25.992777
25.161333
24.854519
23.121035
22.280198
19.820779
18.910075
18.487817
17.271941
16.780663
15.308616
14.932896
14.333357
13.423470
12.873741
12.671693
12.420565
11.478088
10.702390
10.310596
9.429697
9.131041
8.235728
8.172185
7.529952
7.319495
6.601707
6.363600
6.093897
5.841617
5.633041
5.557952
5.083758
4.677263
4.510912
4.113330
4.031656
3.927637
3.619516
3.474173
3.138183
3.085220
2.951690
2.727388
2.522524
2.319399
2.213180
2.164387
2.029943
1.834705
1.693580
1.536344
1.414083
1.392434
1.335958
1.293931
1.151859
1.077990
1.020019
0.939837
0.908331
0.829065
0.796946
0.764468
0.713071
0.593209
0.574897
0.534061
0.507531
0.473577
0.429225
0.339894
0.292458
0.266449
0.257657
0.232958
0.217613
0.193340
0.165922
0.141628
0.122866
0.120036
0.096428
0.089708
0.078611
0.070497
0.066639
0.055732
0.042957
0.037209
0.034512
0.029005
0.023926
0.023001
0.018619
0.015469
0.011233
0.009517
0.009137
0.008427
0.006687
0.004195
0.003812
0.002701
0.002153
0.001583
0.000590
0.000058
0.000057
0.000039
0.000035
0.000031
0.000030
0.000030
0.000026
0.000024
0.000022
0.000016
0.000009
0.000005
0.000005
0.000000
0.000000
0.000000
0.000000
