24033.239701
17002.272464
8626.305546
6721.223335
5673.894576
4992.246859
4323.195698
3455.322378
3120.499457
2594.479525
2428.993304
2118.423788
1653.064988
1494.500375
1419.399167
1269.777391
1148.243172
1036.553092
971.412490
849.642067
833.011533
722.788753
667.566616
610.643334
568.346467
545.460234
536.347631
494.028576
451.159238
419.927211
377.545784
366.207068
345.191630
299.153639
277.953038
274.792966
258.596641
249.847763
227.217667
216.232735
211.364946
188.440294
180.670698
174.148440
167.031986
163.374553
161.591254
152.506069
150.376701
135.374023
132.476731
125.789565
119.208913
115.424618
109.819318
108.127958
99.923654
91.536605
89.300730
86.492764
81.230047
78.531456
75.989905
72.974593
72.864393
68.548530
63.831198
61.629459
58.673984
56.381060
53.365672
51.998444
51.008785
45.984645
43.530674
43.031013
41.947206
40.809052
38.282310
36.426060
34.038776
33.341229
32.422627
30.915253
30.270675
28.932726
27.562202
26.449196
25.899116
25.176132
24.096562
22.350259
21.780800
21.286378
19.359031
18.523421
18.045014
17.261331
16.887967
16.318670
15.879218
15.247886
14.779281
14.362632
13.002139
12.299868
12.165941
11.371966
11.083645
10.713572
10.293547
10.033629
8.912814
8.860755
8.598681
7.969051
7.633686
7.111706
6.918871
6.746814
6.378389
5.948905
5.686275
5.432164
5.279893
4.931703
4.693781
4.380756
4.280387
3.927131
3.780875
3.512286
3.037068
2.976604
2.806903
2.684781
2.587946
2.570555
2.212636
2.085066
2.074542
1.850322
1.790938
1.758074
1.568909
1.449513
1.405945
1.359350
1.132271
1.075308
1.022291
0.924606
0.828982
0.811937
0.787688
0.735683
0.659465
0.584446
0.571225
0.498223
0.430289
0.420343
0.363077
0.302787
0.283261
0.250161
0.227058
0.187819
0.182479
0.163332
0.150055
0.129197
0.104928
0.080425
0.056361
0.037568
0.030933
0.025676
0.024394
0.000018
0.000014
0.000006
0.000005
0.000003
0.000001
0.000001
0.000000
-0.000000
-0.000001
-0.000003
-0.000005
-0.000007
-0.000008
-0.000009
-0.000011
-0.000012
