18211.448389
9607.551727
9022.866756
7909.015036
4984.563093
3222.387386
2735.700220
2524.387137
2419.385931
1880.449526
1751.297227
1554.079964
1351.192942
1177.956493
1063.218044
1005.098007
915.314786
857.471436
833.283827
801.229726
748.894717
641.938970
606.324388
562.552881
510.707565
496.126623
468.115938
430.125424
394.272867
388.736885
343.999327
291.882538
285.461047
278.933445
254.223226
242.719691
221.506210
208.328817
197.836925
191.923374
188.113660
177.883028
174.858988
169.465146
161.801977
148.139710
138.378801
133.392066
130.139324
128.715780
121.353524
113.544701
107.043426
103.952149
101.125381
94.878767
90.845841
88.147435
87.306734
80.829244
77.857953
72.710200
70.019137
68.253927
64.657053
61.218914
59.198684
57.372884
52.649794
51.403177
50.604197
49.392538
48.117857
44.188953
42.410813
40.169879
39.385446
38.258868
36.673541
35.609475
34.721939
34.036516
33.078066
31.354903
27.456938
27.082639
26.282149
25.814797
24.178313
22.736406
21.699960
21.420579
20.179870
19.332173
18.529824
17.779637
17.272849
16.719793
15.645103
15.343535
14.657722
14.443455
13.809866
12.880769
12.225197
11.739991
10.826075
10.413021
9.972660
9.578872
9.066026
8.828279
8.034918
7.731268
7.453621
7.109776
6.859055
6.580113
6.402685
5.917493
5.563337
5.191347
4.913532
4.683322
4.420888
4.321122
4.053192
3.927565
3.575370
3.525548
3.314077
2.967082
2.883955
2.778555
2.646694
2.413484
2.214591
2.172686
1.959846
1.799149
1.690095
1.559335
1.487680
1.397807
1.286834
1.227125
1.138085
1.065381
1.031291
0.855683
0.747482
0.726542
0.595400
0.558864
0.519116
0.485160
0.455928
0.438438
0.365906
0.335911
0.316970
0.275386
0.243728
0.222929
0.210258
0.191819
0.156610
0.141177
0.131780
0.107366
0.080311
0.076732
0.060969
0.052211
0.043127
0.032934
0.026439
0.018220
0.014178
0.000006
0.000005
0.000003
0.000002
0.000002
0.000001
0.000001
0.000001
0.000001
0.000001
0.000001
0.000000
-0.000000
-0.000001
-0.000001
-0.000003
-0.000004
