14387.539713
11288.447003
8742.238206
5260.591560
3815.904448
2687.585874
1852.510638
1713.569432
1222.273868
1134.601111
937.612100
881.717555
802.478827
774.667714
636.059077
601.463249
550.514647
479.667567
394.076498
384.084294
360.506144
298.698467
292.956029
272.289803
252.796264
236.645984
218.841394
205.487028
196.273778
177.753160
164.928865
145.340597
142.987526
138.017150
130.152596
115.859028
109.207918
107.454388
94.454771
92.088834
87.832885
85.675622
79.881740
70.188735
66.108506
64.274420
59.834911
56.834261
53.314316
53.066092
50.798709
46.158435
44.609738
43.601418
39.205645
38.659958
37.518580
36.251462
32.598597
30.820366
29.562178
26.650060
25.882947
25.441466
23.524850
21.596712
20.585573
19.197124
17.908926
17.292676
17.053287
16.765879
16.098374
14.866437
13.293006
12.712943
12.280798
11.537389
11.026991
10.557683
10.089975
9.533804
9.216051
8.474380
7.918865
7.699809
7.477523
7.005804
6.365148
6.249578
5.806565
5.669781
5.214956
4.823642
4.628888
4.306512
4.065052
3.884924
3.615060
3.462121
3.384588
3.222651
3.098979
2.716366
2.633146
2.475392
2.275400
2.093263
1.901092
1.795470
1.705650
1.587909
1.525413
1.463182
1.364593
1.258136
1.235083
1.156136
1.083141
1.014357
0.962901
0.943260
0.840522
0.753146
0.732772
0.710708
0.617317
0.593909
0.581939
0.535797
0.472862
0.447293
0.380716
0.336096
0.321198
0.288020
0.275085
0.239691
0.223060
0.192160
0.163786
0.154655
0.144971
0.121822
0.117050
0.104326
0.099063
0.088257
0.079273
0.066163
0.061760
0.056462
0.052173
0.041800
0.032772
0.027123
0.025971
0.022273
0.015763
0.014120
0.011952
0.010150
0.007107
0.005868
0.004392
0.003565
0.003224
0.002076
0.001389
0.001361
0.000874
0.000359
0.000345
0.000102
0.000066
0.000052
0.000046
0.000027
0.000013
0.000012
0.000010
0.000008
0.000005
0.000002
0.000000
0.000000
0.000000
0.000000
0.000000
0.000000
0.000000
0.000000
0.000000
0.000000
0.000000
0.000000
