23691.310355
19604.931801
8386.481150
6210.811608
5491.219000
5183.221216
3183.819363
3023.186416
2402.332183
2289.221575
1960.321432
1741.534613
1487.465918
1432.741093
1321.251467
1163.430988
1051.315226
1000.144896
797.819163
777.962221
723.715866
692.791418
665.656106
623.549156
518.037058
494.627275
452.264495
446.421467
373.641214
339.742356
338.543369
311.920007
299.975699
288.981170
267.817072
261.677375
241.985945
222.025682
201.076115
194.786244
189.445453
182.772383
171.095303
162.247429
153.303754
145.198757
140.315762
129.704026
124.499182
115.846338
108.089022
103.495425
101.023554
95.099280
94.055434
86.450946
84.444465
81.680749
78.195952
74.852346
71.217835
66.386653
62.402174
60.837731
58.130573
55.413958
54.321565
51.587106
50.689710
49.376919
47.853404
43.495181
42.314330
40.288591
38.727965
37.571498
36.282264
34.594088
32.700566
31.312990
29.492279
27.861699
26.982135
25.434889
24.416173
23.333403
22.565420
20.973488
19.976891
19.154979
19.062089
18.036298
17.005821
16.370230
15.772607
15.022820
14.386819
14.267839
13.964387
12.497740
11.916623
11.539662
10.692388
10.248217
10.061676
9.388107
8.840701
8.338780
7.764759
7.434334
7.084434
6.834444
6.167953
5.949073
5.788550
5.318079
5.073364
4.915235
4.429217
4.409558
4.195518
3.778136
3.629613
3.436735
3.382328
3.003116
2.909245
2.715085
2.497012
2.329936
2.275282
2.087347
2.069225
2.028922
1.809191
1.715263
1.627275
1.530503
1.496902
1.452859
1.267162
1.223458
1.155021
1.047851
0.999399
0.831768
0.813932
0.762795
0.719877
0.645295
0.585718
0.562802
0.513346
0.468466
0.413138
0.362792
0.354553
0.324303
0.318523
0.257150
0.229129
0.199752
0.175493
0.156251
0.145677
0.100015
0.093185
0.085193
0.077590
0.058318
0.053757
0.043177
0.036915
0.031166
0.026114
0.021526
0.016322
0.009479
0.005031
0.000006
0.000004
0.000002
0.000002
0.000002
0.000002
0.000001
0.000001
0.000001
0.000001
0.000000
0.000000
0.000000
0.000000
0.000000
-0.000003
-0.000019
