15999.653858
13467.287933
10532.132293
7783.344145
7011.949257
6235.184888
5332.851145
3920.885793
3535.036723
3188.949795
2819.070846
2752.277282
2067.149315
1918.037779
1767.004213
1632.953200
1498.791614
1364.677768
1273.317009
1147.844240
1118.685102
1076.142181
1022.137755
1007.673090
917.228065
846.352384
807.028056
788.295831
714.031530
658.767304
584.021158
581.192845
565.692660
548.101379
505.309025
484.841544
423.416020
403.716379
401.398310
365.102119
351.603385
328.787923
317.042054
304.536409
300.099823
292.999373
287.450494
257.783890
239.594876
227.472053
222.390991
212.858029
211.123567
197.293615
188.711129
183.349999
175.770179
173.905092
171.856716
163.670702
156.500650
149.413305
144.955769
138.741257
133.272653
124.901174
121.798028
116.261451
106.962185
102.164549
98.045394
96.063585
92.535047
87.141878
84.748144
82.521530
77.824142
75.494872
71.809971
70.549582
65.209858
63.538259
60.770830
57.971507
55.644253
53.647558
51.279490
48.392443
46.598839
45.275557
43.145131
42.599598
39.329425
37.007153
34.809675
33.884910
32.894626
32.367227
30.722645
29.717907
29.132410
27.711088
26.899917
26.332231
25.399492
25.044726
23.379246
21.409414
21.060206
20.115052
18.992003
17.213456
16.588416
15.964521
15.377257
15.044187
14.507139
14.290019
13.375278
13.042211
12.217589
11.547123
11.285950
10.913094
10.312152
9.727775
9.012121
8.940504
8.168775
7.867911
7.478362
7.187238
6.492439
6.228218
5.743838
5.634889
5.276983
5.146090
5.065946
4.613670
4.445297
4.159221
3.872136
3.504349
3.235617
3.189714
2.838476
2.759625
2.590667
2.493228
2.368130
2.087359
1.929964
1.866525
1.644907
1.524387
1.439576
1.325512
1.204623
0.992893
0.976024
0.904524
0.763148
0.748943
0.637775
0.584642
0.571801
0.489052
0.466432
0.374537
0.290705
0.250420
0.222377
0.199374
0.153730
0.145453
0.075175
0.060597
0.032623
0.000023
0.000016
0.000006
0.000006
0.000004
0.000001
0.000001
0.000000
-0.000000
-0.000000
-0.000000
-0.000001
-0.000001
-0.000003
-0.000004
-0.000005
-0.000006
