17017.156872
9898.321336
8587.681160
7841.820680
5969.982359
4299.149908
3863.647553
3029.687330
2868.700496
2686.143149
2410.459491
2003.868435
1742.664138
1707.170243
1454.631612
1366.664021
1215.973194
1185.379599
998.698435
958.180186
856.458222
779.417759
718.487826
698.732892
626.956789
623.415697
607.850716
534.252199
500.608297
458.728770
440.094406
406.551787
375.929997
367.174649
339.865018
328.425626
320.280410
302.542498
273.700525
266.353514
243.973393
239.844707
235.811050
229.224087
217.210998
205.601148
193.160812
189.599786
184.221149
170.266081
165.117095
157.396403
147.044747
144.468355
139.129068
133.550220
125.168786
118.456754
116.096980
111.535404
106.450906
100.448788
95.789406
93.094730
88.405482
87.384183
85.680626
79.850334
74.746161
72.003738
70.611852
67.156005
64.064135
61.948059
61.392738
58.508071
56.037137
53.126438
51.079327
48.811998
47.276593
42.921055
41.133459
39.816833
39.169013
37.299787
35.716594
34.710356
33.344738
32.737357
30.959717
28.968685
28.214609
26.803667
25.445501
24.228590
23.250467
22.277940
21.140553
20.525607
19.474649
17.934783
17.317543
16.646334
15.800271
15.567688
14.984828
13.980423
13.460005
12.408240
12.108407
11.756063
11.503273
10.935977
10.367565
9.370955
9.224503
8.874677
8.282938
7.599431
7.136514
7.026077
6.823886
6.625267
6.358191
5.873122
5.765179
5.395596
5.025437
4.620561
4.506013
4.248178
3.859747
3.795776
3.423906
3.285538
2.972040
2.807261
2.714279
2.581147
2.290557
2.266603
2.132546
1.952224
1.880384
1.733039
1.533876
1.394583
1.352051
1.303502
1.215213
1.194116
0.979476
0.904090
0.852064
0.782429
0.690447
0.636543
0.610822
0.579255
0.510178
0.418086
0.392565
0.353146
0.328145
0.294683
0.248276
0.224834
0.187705
0.168153
0.135655
0.116775
0.093279
0.078480
0.058934
0.051705
0.041792
0.021603
0.018798
0.000012
0.000007
0.000004
0.000004
0.000001
0.000001
0.000001
0.000001
0.000001
0.000001
0.000000
-0.000000
-0.000000
-0.000001
-0.000004
-0.000004
-0.000005
