18697.892819
12186.700130
7698.320250
5951.160848
5081.005032
4609.320751
3269.355850
2665.888888
2441.310777
1964.843315
1597.965752
1261.279858
1145.750742
1066.589908
857.150660
842.654408
803.269149
711.446446
632.549332
562.013942
530.078403
517.236962
471.453272
441.687024
416.549297
384.201451
353.977374
331.891991
302.551898
284.264848
269.026552
259.056664
244.101999
223.528852
212.813183
202.115841
193.711404
184.369347
170.151925
159.660093
151.883314
147.524089
138.043976
135.848616
127.456246
124.940152
118.000692
111.659199
101.192523
95.504059
92.661957
90.014697
86.147844
85.094627
79.682275
75.494681
74.461859
69.250835
67.721771
65.089855
59.814683
57.356696
55.247161
54.503762
51.490775
48.083728
46.646663
46.409310
43.760481
42.541601
41.415641
39.639825
36.794684
36.122285
33.142724
31.797711
30.959393
29.611283
28.771255
27.334584
26.492915
25.331507
24.654619
23.361429
22.090129
20.707909
20.336854
19.533155
19.142942
18.453075
17.711601
16.743096
15.903122
15.022701
13.822971
13.505873
12.883449
12.574610
12.394606
11.977957
11.740679
10.693507
10.588441
10.219006
9.568570
9.127091
8.726124
8.216621
7.935027
7.295603
6.615589
6.435917
6.186488
5.577957
5.309361
5.047068
4.819839
4.667910
4.612751
4.388408
4.312041
4.222892
3.746678
3.512116
3.204792
3.121704
2.938898
2.813342
2.614188
2.483841
2.345765
2.207322
2.021809
1.945021
1.800194
1.690186
1.607485
1.466419
1.449037
1.374422
1.273678
1.206552
1.122910
1.070303
0.949478
0.852093
0.823878
0.705787
0.698323
0.664089
0.626629
0.551392
0.504093
0.457500
0.444836
0.378032
0.325283
0.299475
0.295571
0.256732
0.233928
0.218876
0.174945
0.158809
0.138275
0.132477
0.122514
0.093096
0.081388
0.071657
0.062884
0.049920
0.047384
0.035661
0.028866
0.024201
0.016473
0.012627
0.006518
0.000011
0.000009
0.000006
0.000006
0.000003
0.000002
0.000002
0.000002
0.000002
0.000002
0.000002
0.000001
0.000000
-0.000000
-0.000001
-0.000002
-0.000010
