13727.387378
5170.872753
4014.118213
3313.069951
2538.735489
1689.877220
1502.269854
1169.989742
843.058854
734.789807
652.109933
531.922456
496.896996
447.510239
385.153916
345.829418
306.245833
275.906311
253.778295
220.227347
201.737183
181.647632
167.213648
157.249939
146.265964
131.789325
123.745822
121.640793
110.422604
103.162950
102.412804
89.505360
87.592581
81.980369
72.194068
69.463015
63.198783
58.479356
56.155668
53.517390
49.044861
46.537031
42.897753
41.952094
40.296213
38.525792
37.226471
35.392233
33.895779
31.040314
28.869711
27.779811
25.710335
24.502701
22.636150
21.852689
21.460294
20.239353
18.218383
17.665093
16.809737
16.051219
14.833772
13.950195
13.394283
12.602182
11.458551
10.694885
9.923944
9.406608
9.123575
9.051812
8.449983
7.856741
6.937573
6.833239
6.394378
6.293767
6.183030
5.793463
5.039787
4.933941
4.529416
4.098774
4.067820
3.815451
3.695536
3.489628
3.216399
3.117562
3.051703
2.840460
2.723224
2.680653
2.548854
2.278208
2.184859
2.035783
2.004016
1.911796
1.676527
1.646266
1.518696
1.507883
1.273469
1.208025
1.176451
1.103208
1.003147
0.944023
0.886250
0.804104
0.730791
0.718064
0.665540
0.594865
0.529909
0.498403
0.483595
0.442067
0.423471
0.389718
0.333897
0.308362
0.267385
0.258004
0.225711
0.204005
0.196967
0.175976
0.158251
0.150139
0.136661
0.123260
0.117956
0.092207
0.085053
0.072510
0.065409
0.056578
0.051191
0.046715
0.042327
0.035035
0.031669
0.026773
0.024889
0.019123
0.017879
0.013893
0.012357
0.010583
0.008942
0.007958
0.005915
0.005434
0.002893
0.002453
0.002006
0.001530
0.001113
0.000714
0.000568
0.000457
0.000311
0.000301
0.000195
0.000070
0.000055
0.000000
0.000000
0.000000
0.000000
0.000000
0.000000
0.000000
0.000000
0.000000
0.000000
0.000000
0.000000
0.000000
0.000000
0.000000
0.000000
0.000000
0.000000
0.000000
0.000000
0.000000
0.000000
0.000000
0.000000
0.000000
0.000000
0.000000
