13093.737978
10173.904559
8793.913430
7741.972982
5820.157276
4690.812738
4434.830150
3727.722328
2396.991381
2251.945786
2073.989182
1629.210877
1506.914426
1474.446429
1184.413622
1144.048201
915.850109
840.278009
799.145135
719.881794
674.462220
630.428682
554.171974
500.047831
477.085728
440.918725
395.599979
380.143877
349.892864
332.684557
317.272255
302.509797
282.929871
275.152072
263.385676
237.779344
226.975660
215.103914
208.451626
200.184818
191.241602
176.711420
165.286682
162.561865
158.225941
155.273719
143.957481
136.384205
132.974408
124.371083
120.520681
115.779587
111.942736
106.292361
103.341602
100.688314
95.145118
94.553422
83.963638
82.142215
78.780680
73.004064
70.835902
67.819073
65.497699
63.014209
59.516329
57.770369
55.166490
54.707795
52.360080
49.052528
47.782110
45.187028
42.214170
41.429552
40.006722
38.714607
36.722150
36.003949
34.487031
32.073367
29.946487
29.326506
28.644206
27.507713
26.409393
26.110902
24.562297
23.412541
22.762585
21.953887
21.092453
20.369625
19.539664
18.458964
17.957781
17.428852
16.754456
15.994096
15.836555
15.351798
14.399219
14.095805
13.130534
12.083811
11.837911
10.789091
10.644618
10.517015
9.919857
9.759104
8.825223
8.768195
8.516716
7.912192
7.496409
7.418652
7.140367
6.599994
6.208195
5.990990
5.716300
5.530957
5.110413
4.819850
4.593355
4.457496
4.385340
3.863709
3.718354
3.567530
3.479766
3.159436
3.032069
2.701236
2.643446
2.500359
2.455783
2.376609
2.222831
2.028689
1.887751
1.834171
1.770451
1.692855
1.426965
1.394553
1.204633
1.175186
1.100789
1.069182
1.000622
0.834100
0.811271
0.716258
0.694000
0.634670
0.582356
0.553611
0.434801
0.385509
0.358254
0.321145
0.284603
0.243204
0.192182
0.178080
0.166248
0.125555
0.121025
0.095091
0.088408
0.074478
0.063312
0.049566
0.043005
0.024556
0.014912
0.000007
0.000005
0.000004
0.000003
0.000003
0.000001
0.000001
0.000000
0.000000
0.000000
0.000000
-0.000000
-0.000001
-0.000001
-0.000001
-0.000003
-0.000003
