21589.231540
17892.796650
14410.518054
11487.972315
5265.287131
3208.439382
2999.633777
2450.112325
2235.272390
2014.020570
1609.242149
1370.467503
1207.987146
1019.860398
925.194990
880.742992
825.006662
704.716493
564.622357
523.268189
464.236617
414.811936
369.647474
331.741810
320.837945
311.819162
267.120726
253.466243
229.917992
208.062154
201.703439
193.964593
166.588734
159.210259
155.201340
135.642660
127.512123
124.705562
116.108095
106.922418
103.033452
92.636865
90.193859
86.638726
79.691732
75.830619
72.499946
69.520509
66.258523
62.046117
59.022508
56.586949
52.522098
50.852494
47.442106
44.301487
43.145987
38.087844
36.765610
35.263433
34.701615
33.278315
31.454430
30.432775
29.105639
26.922744
24.871743
24.190621
23.325635
22.390226
21.341658
19.365762
17.990045
17.146733
16.807464
15.725449
15.131245
14.485364
13.179596
12.627226
11.987574
11.273457
11.044686
10.558259
9.521448
9.174946
8.818341
8.288344
8.047371
7.777718
7.241000
6.877880
6.694332
6.464404
5.682388
5.492850
5.106746
4.933996
4.663837
4.179171
4.032084
3.808982
3.438948
3.317252
3.283007
3.082307
2.891185
2.656381
2.568359
2.374639
2.317011
2.175913
2.080280
1.890438
1.724283
1.655393
1.462781
1.459327
1.292373
1.230768
1.182796
1.093202
1.040086
0.960497
0.890255
0.820875
0.812681
0.723011
0.667423
0.595089
0.541167
0.524479
0.496680
0.456628
0.405914
0.355420
0.322043
0.290926
0.266992
0.247124
0.220258
0.209370
0.181967
0.162664
0.144947
0.118441
0.114513
0.107523
0.096966
0.088185
0.080587
0.060333
0.057244
0.046443
0.038839
0.037378
0.032623
0.028749
0.027624
0.024726
0.019949
0.016233
0.013694
0.012476
0.008900
0.008050
0.007289
0.005512
0.004797
0.003999
0.003479
0.001705
0.000995
0.000918
0.000704
0.000484
0.000237
0.000162
0.000132
0.000071
0.000063
0.000035
0.000027
0.000027
0.000023
0.000023
0.000020
0.000020
0.000020
0.000011
0.000011
0.000004
0.000000
0.000000
0.000000
0.000000
