15909.617156
13005.131351
10614.262198
8236.178418
7135.380476
6637.229943
5068.576439
4314.198796
4030.207597
3479.897999
3336.512600
3097.839407
2575.826221
2311.120559
1921.959107
1813.796461
1623.264764
1593.102234
1518.491131
1291.546977
1222.494602
1141.387397
1082.030658
1004.080271
873.699790
830.000047
742.249636
699.901514
637.420359
620.031032
571.569333
532.444959
492.756751
471.040371
437.000246
412.493103
392.044706
372.404770
367.714262
353.502147
352.385817
338.607740
286.414378
277.931897
266.310989
247.485296
235.578457
225.175172
204.420554
202.373886
197.779725
183.084819
175.899425
172.757248
160.168084
149.170422
145.025466
142.141003
133.764111
128.264722
122.127957
118.215207
116.473731
112.091184
107.426906
101.361951
99.001638
96.754340
96.230290
90.878966
87.306566
80.544886
80.421159
73.043233
71.479775
67.702739
66.813927
63.836004
60.322999
58.549674
58.144465
54.246450
53.884707
51.729481
48.084990
47.384335
45.346612
43.020429
41.837319
39.865545
37.232337
34.833538
33.666783
30.785810
30.122669
29.630602
27.763985
27.319649
27.143979
25.845073
24.196656
23.758957
23.017942
21.636179
21.442670
19.969640
18.699235
17.962385
17.639357
17.375428
15.851263
14.969314
14.570455
14.328900
13.659392
13.395350
12.760373
12.241082
12.173528
11.238932
10.638950
9.841822
9.558917
9.442325
9.062623
8.808428
8.298642
7.952474
7.377138
6.741296
6.468632
6.393201
6.272254
6.076342
5.760656
5.639069
5.301477
5.144885
4.905713
4.539144
4.205164
3.802121
3.525843
3.335864
3.084359
2.973305
2.911262
2.789859
2.706076
2.387892
2.092797
1.998164
1.909818
1.738148
1.659826
1.574293
1.455248
1.377488
1.325950
1.150370
1.027091
0.952764
0.855528
0.789001
0.699824
0.612982
0.553010
0.491993
0.419871
0.388987
0.331046
0.325413
0.281455
0.227359
0.180114
0.172718
0.127927
0.123806
0.070003
0.000017
0.000008
0.000006
0.000003
0.000003
0.000003
0.000001
0.000001
0.000001
0.000000
-0.000000
-0.000001
-0.000002
-0.000003
-0.000003
-0.000004
-0.000005
