16690.228149
12779.458265
7165.187574
6573.494214
4861.893724
4303.011480
3501.632272
3402.215503
2634.238255
2421.515578
2223.072696
1808.179718
1672.393338
1576.077759
1441.401523
1411.261097
1203.971346
1108.495254
1046.120607
931.078779
909.548269
874.074754
848.289916
731.649034
668.432543
660.744670
609.944005
579.466792
529.487200
504.429439
485.965069
464.183286
441.778346
419.345958
400.088190
392.169864
366.782146
349.725243
341.363398
312.441665
295.940510
284.858236
269.321042
254.478644
252.340910
242.307822
224.893116
218.465521
209.465894
204.722338
192.174592
183.328469
175.921982
169.538608
165.421528
158.771682
155.756786
137.311286
136.474269
129.997545
127.832859
121.265330
113.745494
111.245935
110.583633
103.412071
100.708139
97.917393
89.855851
88.143669
83.219436
79.285738
77.737582
72.078781
71.839384
68.297352
67.379036
63.221162
62.291041
57.638318
55.968697
55.119901
52.818509
49.105581
47.300301
45.512760
44.114860
42.708746
41.421362
39.418353
37.891217
37.165167
35.951138
34.452407
33.836653
32.606646
32.292032
30.855226
28.895762
27.946880
27.283937
25.764538
23.427966
23.014290
22.351857
20.771585
19.986878
19.314406
19.204515
18.177582
17.644568
16.890690
16.089188
15.786994
15.512441
14.776349
13.803554
13.211569
12.477714
11.860079
11.347827
10.545206
10.380282
9.793596
9.223588
9.107448
8.807744
8.295948
7.935651
7.670984
7.252076
6.987176
6.345990
6.028284
5.722364
5.516372
5.285377
5.031779
4.371793
4.276919
4.097848
3.865994
3.565178
3.480639
3.227031
3.058952
3.024173
2.856995
2.487904
2.356556
2.285561
2.126213
2.001908
1.880249
1.804850
1.624930
1.405513
1.396534
1.236129
1.197504
1.132642
1.000724
0.970936
0.851714
0.810018
0.658234
0.618222
0.491848
0.448702
0.393224
0.344117
0.309472
0.280382
0.251157
0.156659
0.150607
0.088667
0.084632
0.032467
0.000010
0.000007
0.000007
0.000005
0.000001
0.000001
0.000001
0.000001
0.000001
-0.000000
-0.000000
-0.000002
-0.000003
-0.000003
-0.000006
-0.000011
-0.000022
