14203.989354
13241.076871
11117.510109
8682.014375
7283.224204
5358.137111
5140.754511
3934.332946
3653.399982
3292.290864
2821.883832
2756.125116
2374.293967
2360.391259
2151.000762
1971.545009
1682.452306
1422.474525
1369.983982
1212.805318
1176.476985
1112.304165
1062.803117
943.439517
888.726305
844.372379
803.654196
683.576645
663.945658
611.285097
584.044667
510.073988
492.791447
483.523069
460.571995
433.799197
409.835049
396.685775
379.488744
365.971737
342.185728
335.685976
307.927794
304.513238
283.261100
261.474150
249.511138
244.936558
238.268071
229.282507
216.582880
212.904174
198.713262
192.959402
183.872072
176.514505
170.327709
164.722221
154.885761
143.775085
140.669316
137.093881
133.735488
126.555679
118.473861
112.471397
110.051285
107.819735
103.985795
102.215896
98.439512
95.532864
93.453413
88.652318
84.182188
81.829102
78.793910
78.106505
77.539922
73.073787
68.979183
65.801675
64.337805
61.702171
60.044463
57.022445
55.624423
51.944374
51.005432
49.646246
48.117215
45.242674
43.361065
40.673664
39.544364
37.508157
36.148388
35.275088
33.666762
31.990180
31.542216
29.911526
28.513512
27.947918
27.125769
26.699685
26.153589
23.755259
22.504244
21.777583
20.621328
19.801561
19.472797
18.888159
17.183495
16.991132
15.215710
14.848556
14.804875
13.837677
13.356859
12.983743
12.185653
11.942725
11.194106
10.857873
10.344452
9.871154
9.764229
8.994158
8.638379
8.166067
7.750142
7.400712
6.605403
6.276647
6.170769
5.958644
5.697719
4.975639
4.869537
4.821255
4.426459
4.205702
4.053443
3.746096
3.411642
3.296063
2.915143
2.700417
2.573341
2.514721
2.419243
2.038933
1.780928
1.691685
1.630047
1.588927
1.364463
1.317121
1.241217
1.160006
1.105956
1.014420
0.858977
0.797908
0.697559
0.684227
0.546274
0.503755
0.412460
0.395947
0.335610
0.301097
0.272764
0.173080
0.126340
0.100611
0.057243
0.000020
0.000016
0.000003
0.000003
0.000003
0.000003
0.000002
0.000002
0.000001
0.000001
0.000000
0.000000
-0.000000
-0.000001
-0.000001
-0.000001
-0.000010
