32979.065042
19029.288592
9750.556545
7948.000917
4257.052791
3129.344533
2150.941745
1797.988846
1397.205990
1138.989678
904.377237
772.564943
702.538275
671.121936
595.537690
545.531571
541.664721
449.034338
426.414936
378.632317
357.535239
291.823116
286.559994
261.182578
256.057864
225.153004
208.460185
200.235165
195.107286
167.086330
156.609660
150.907144
126.018825
121.774298
114.887903
107.142596
104.162154
94.156808
92.293199
85.640062
80.828992
79.911593
72.263610
69.219766
66.803626
61.106080
57.559958
55.042728
51.373420
49.527471
42.469395
39.860073
37.537845
36.412125
34.444917
33.647945
30.800769
28.853248
27.420506
24.417367
23.809028
22.937851
20.612887
19.861082
18.771228
18.613326
17.321029
15.268955
14.784124
13.833966
12.739683
11.373752
10.752755
10.409515
9.414733
9.238092
8.773928
8.000595
7.462635
6.739849
6.635699
6.292964
6.114141
5.929035
5.365579
5.147341
4.848001
4.316193
4.107868
3.838867
3.754702
3.645944
3.579468
3.255021
2.901602
2.676565
2.659213
2.536794
2.254050
2.120834
1.908578
1.850784
1.759769
1.679567
1.652781
1.470455
1.430893
1.326050
1.317477
1.240576
1.111928
1.003191
0.992759
0.897271
0.779823
0.732297
0.689632
0.639875
0.598123
0.470220
0.448902
0.435742
0.421571
0.397615
0.352335
0.284232
0.276207
0.254550
0.233659
0.214709
0.194106
0.182477
0.164179
0.149796
0.146418
0.124917
0.103099
0.090878
0.088635
0.074456
0.069419
0.062195
0.058340
0.047085
0.041570
0.034465
0.031132
0.025148
0.021703
0.016954
0.014871
0.013176
0.010337
0.007191
0.005835
0.004616
0.003114
0.002208
0.002139
0.001466
0.001082
0.000987
0.000417
0.000411
0.000171
0.000064
0.000044
0.000038
0.000030
0.000030
0.000027
0.000022
0.000022
0.000017
0.000009
0.000008
0.000006
0.000004
0.000000
0.000000
0.000000
0.000000
0.000000
0.000000
0.000000
0.000000
0.000000
0.000000
0.000000
0.000000
0.000000
0.000000
0.000000
0.000000
0.000000
0.000000
