17446.182129
13115.758833
12120.579695
9587.404527
6726.098877
3922.471841
3639.973576
2984.447286
2323.477961
1554.088121
1464.986769
1098.431724
1012.859543
891.951294
844.714031
760.033256
668.795911
651.037532
541.597596
486.393865
448.934442
422.289462
382.416152
365.676827
334.430983
317.554563
298.382482
257.778991
251.654402
229.366785
223.012527
197.504662
193.803761
188.861289
162.577213
149.447030
140.887255
136.084935
131.349002
121.369732
109.956311
103.230034
101.468965
95.118544
91.692372
87.662953
83.106678
77.805105
76.814709
70.468987
65.219106
60.141001
58.552169
57.893746
52.770938
50.645119
47.673344
46.731494
43.605228
40.824650
40.032639
36.578055
36.154626
33.806117
30.582448
29.984074
29.377075
27.899305
26.854324
24.733822
23.477375
22.054796
21.193266
20.603402
19.868243
19.628667
18.347216
17.999568
17.023954
16.551582
15.446751
14.904525
13.369448
12.839822
11.758769
11.380028
10.453697
10.187679
10.090430
9.782367
8.944677
8.634830
8.104657
7.511852
7.277313
7.129830
6.774107
6.408335
6.160317
5.782093
5.612566
5.178674
4.995674
4.314639
4.217505
4.111326
3.917635
3.661972
3.560735
3.251100
3.222615
2.959431
2.832659
2.700994
2.501715
2.236789
2.204451
2.090374
2.019146
1.988426
1.939847
1.650115
1.493893
1.370443
1.363303
1.270241
1.247611
1.150270
1.021913
0.938988
0.894442
0.795077
0.785569
0.694725
0.662607
0.653148
0.606991
0.544237
0.515244
0.468580
0.444887
0.375273
0.306861
0.299713
0.276062
0.243393
0.214372
0.195330
0.173148
0.158135
0.144223
0.138964
0.123884
0.107485
0.096216
0.073831
0.066741
0.062203
0.051740
0.043769
0.042015
0.032807
0.028098
0.024640
0.020934
0.017958
0.015135
0.013082
0.011388
0.009488
0.007018
0.005013
0.003610
0.002517
0.001921
0.001365
0.000926
0.000785
0.000400
0.000028
0.000028
0.000028
0.000022
0.000021
0.000019
0.000017
0.000013
0.000011
0.000010
0.000009
0.000008
0.000007
0.000005
0.000004
0.000004
0.000002
