12243.766332
11055.414547
7902.740123
7255.434786
6376.313915
5793.021741
5271.955585
4259.841196
4054.391863
2957.038239
2881.258511
2583.983257
2154.185373
1961.880011
1652.777481
1450.844625
1415.550303
1308.403516
1273.708795
1115.610043
1051.629440
962.470398
951.882679
902.088093
806.209042
753.687315
703.711014
682.126612
645.577623
625.751847
592.232412
561.015022
532.754645
522.215788
479.595945
465.574615
429.387298
427.057508
408.900965
385.087453
369.300568
334.821044
324.367314
308.602584
286.689322
276.930669
263.200302
260.703100
253.816333
239.790288
237.586085
230.212024
223.130395
207.948389
201.233082
190.119997
186.642440
177.026083
168.573448
165.797301
154.341399
153.458713
145.892218
142.310957
132.694260
123.808774
122.641728
120.205231
119.410891
112.217400
108.605006
105.923940
102.621812
96.148740
93.316199
89.369705
82.566981
81.747635
79.268793
77.334651
74.558869
72.852978
71.181497
67.950201
66.736117
64.766116
61.874518
60.198625
58.292865
56.878438
52.667849
52.495693
50.597876
49.709819
48.121035
46.182702
42.808998
41.676043
38.986640
38.569232
37.067188
35.916568
32.708967
32.432865
30.324537
30.026035
27.775897
27.378000
26.660242
26.130733
25.005847
23.621162
23.266635
22.356939
20.918776
20.314294
19.902335
19.434876
18.135225
17.578464
17.167820
16.668156
15.152081
14.462539
14.001909
13.063579
12.616477
11.792488
11.500946
10.947080
10.231128
10.168891
9.743198
8.795871
8.550316
7.861043
7.414467
6.965660
6.880678
6.741283
6.428639
5.848808
5.656614
5.448465
5.190373
4.684554
4.481728
4.418325
3.837008
3.686578
3.557278
3.201578
3.016635
2.961983
2.523215
2.256569
2.031154
2.002381
1.891890
1.725202
1.692180
1.561571
1.282043
1.224389
1.043098
1.008869
0.831734
0.747227
0.679060
0.527858
0.453776
0.407912
0.375846
0.346461
0.250993
0.202409
0.196533
0.107158
0.101640
0.000004
0.000004
0.000001
0.000001
-0.000000
-0.000000
-0.000001
-0.000001
-0.000001
-0.000001
-0.000002
-0.000004
-0.000007
-0.000007
-0.000008
-0.000013
-0.000018
