21857.356842
18693.481954
9191.418519
6956.803506
6463.526862
5720.991664
3706.923426
2970.197053
2276.956653
2092.587203
1862.689071
1495.311599
1369.186315
1293.530909
1122.741010
1036.124627
912.606875
887.641248
732.103275
677.012996
621.639593
557.474730
528.311164
483.682383
468.185734
458.001074
432.004907
393.872895
369.438873
359.616778
328.357975
316.091964
291.745415
282.951092
260.446162
236.841545
230.225726
213.779418
203.237202
188.191282
185.541686
183.660433
161.135124
147.620607
145.645273
139.637162
138.004003
135.856671
131.633732
122.279769
116.942739
114.624091
109.008558
97.972218
92.468010
89.188473
83.682364
78.229979
76.079817
71.117154
69.558680
69.150779
64.819578
64.018022
59.953986
58.412647
57.526578
54.521551
53.341225
50.533004
47.608281
46.045244
45.003145
42.301838
39.667416
38.408297
36.857448
35.392624
34.160995
32.410664
31.432209
29.271159
28.662552
28.228140
27.114242
26.020198
24.931824
23.077429
22.267522
21.807650
19.893075
19.539068
18.641648
17.257914
16.879588
16.423323
15.896772
14.929993
14.485279
13.250473
12.473822
12.238627
11.514094
11.292738
11.006388
9.880334
9.496006
9.152064
8.658166
8.325377
8.027465
7.753230
7.554306
6.851066
6.627384
6.242779
5.819429
5.730235
5.404317
5.176468
5.101146
4.821230
4.556028
4.253687
3.852165
3.772663
3.537245
3.463431
3.248066
2.921426
2.872424
2.730706
2.531839
2.447275
2.296799
2.185005
2.016589
1.778850
1.724166
1.649546
1.549682
1.330842
1.313717
1.285790
1.070415
1.013072
0.909046
0.902881
0.757861
0.693631
0.663225
0.595903
0.563835
0.463877
0.459381
0.419595
0.387493
0.365304
0.326329
0.286886
0.246274
0.232043
0.194504
0.178414
0.156620
0.139134
0.124050
0.112822
0.098541
0.077317
0.073207
0.058189
0.052356
0.042784
0.036070
0.024888
0.019295
0.013448
0.003126
0.000003
0.000003
0.000003
0.000002
0.000002
0.000002
0.000002
0.000002
0.000001
0.000001
-0.000000
-0.000000
-0.000001
-0.000001
-0.000001
-0.000006
-0.000007
