15895.573413
9708.959971
9261.165742
6135.199821
4997.421307
4262.075560
3339.110574
2941.512881
2739.379045
2507.809799
1873.431879
1706.317480
1487.279497
1362.634432
1243.470412
1166.752391
1060.137786
992.082198
929.055194
870.286936
841.574050
680.483081
649.129570
619.825077
545.897147
526.610437
452.024892
443.151278
366.647522
355.576017
321.376557
309.949750
299.966309
276.577705
262.594439
238.907293
236.051604
218.696410
213.966678
205.010200
191.371415
188.532014
172.057589
161.685026
149.181253
142.890241
140.595252
131.471189
125.868845
117.908024
113.459986
109.976637
100.415525
95.989203
93.566412
88.678220
84.975753
80.237334
78.917493
74.930547
72.316630
71.402896
66.576072
65.159672
62.119364
59.213839
55.262343
52.485092
51.872100
49.068020
49.028712
44.594615
42.716814
41.567891
41.174469
39.009919
35.614859
34.990550
34.311653
31.483653
30.280556
29.577772
27.868830
27.002769
26.138535
25.307587
25.066399
24.119609
21.321653
20.281629
19.757981
19.444238
18.571977
18.106650
16.928580
16.656338
16.320677
15.393420
14.317906
13.983363
13.186421
12.789692
11.839785
11.765113
11.136087
10.240494
9.615981
9.258583
8.940923
8.176728
7.981474
7.620029
6.992344
6.873228
6.405751
6.055537
5.740188
5.496381
5.410898
4.666890
4.536144
4.486399
4.387299
4.288781
3.763861
3.633151
3.466337
3.420626
3.110911
2.869007
2.715243
2.660789
2.399924
2.294851
2.213197
1.893707
1.805119
1.744462
1.705406
1.659280
1.523679
1.497914
1.310167
1.243933
1.162551
1.147959
0.972319
0.935774
0.885705
0.862093
0.723165
0.665886
0.596738
0.539973
0.534847
0.461719
0.415126
0.387646
0.350392
0.336094
0.279540
0.264879
0.219850
0.194790
0.163674
0.151261
0.130848
0.122033
0.099691
0.085967
0.053745
0.051202
0.045301
0.040678
0.035897
0.026145
0.020975
0.015125
0.011045
0.000007
0.000005
0.000004
0.000003
0.000001
0.000001
0.000001
0.000001
0.000001
0.000000
0.000000
-0.000000
-0.000004
-0.000005
-0.000007
-0.000008
-0.000010
