17694.978042
10896.056040
7894.264858
6420.620077
5816.455032
5355.796393
4455.474712
4401.684451
4254.458418
2895.990768
2778.399948
2607.424834
1841.097267
1708.515352
1688.332964
1429.669140
1311.884092
1285.485319
1208.929872
1063.806354
1023.703516
947.807679
879.484867
814.003331
778.636166
724.682578
686.583776
646.635475
588.643090
548.073267
514.159885
496.079563
475.122775
439.994035
416.136016
390.398539
370.034839
362.338323
347.170637
322.325466
311.628732
310.571280
290.565580
279.761430
261.060306
239.156817
235.125492
227.760207
216.705833
200.814468
191.512001
187.881854
185.090107
176.639216
161.186616
158.935140
157.474089
154.905132
147.616184
143.190196
133.223082
130.502325
126.593397
117.604332
115.592725
107.225907
105.364570
100.955147
97.646939
90.294675
89.496285
84.295293
77.764864
75.929567
72.196769
71.275809
69.510501
66.272474
60.474806
59.325346
54.850603
51.679642
51.046540
49.905595
47.384793
45.500820
44.465258
43.913362
41.538339
38.124380
37.696851
36.286897
34.120232
32.394381
30.621158
30.483682
29.007282
27.835724
26.800588
25.670593
24.537360
23.775259
23.146928
22.117846
20.840362
20.233727
19.857125
18.918728
18.095666
17.904285
17.293626
16.437354
15.405004
14.541306
13.916025
13.049526
12.743633
12.559884
12.055024
11.258650
10.523873
10.276108
9.513415
8.512136
8.474020
7.919338
7.728828
7.377124
6.959276
6.565757
6.275329
5.719934
5.629847
4.970015
4.686836
4.647274
4.511470
4.117098
3.946326
3.623885
3.498096
3.357045
3.298659
2.986447
2.807781
2.512114
2.405492
2.333019
2.103478
1.855146
1.738922
1.650428
1.415961
1.385656
1.312067
1.259689
1.207195
1.080747
0.884414
0.868947
0.805758
0.746546
0.643765
0.602103
0.535780
0.460668
0.362618
0.320679
0.294075
0.270510
0.209729
0.183354
0.165038
0.118986
0.103639
0.081551
0.072580
0.037840
0.025048
0.000006
0.000002
0.000002
0.000002
0.000001
0.000001
0.000000
0.000000
0.000000
-0.000000
-0.000001
-0.000001
-0.000002
-0.000002
-0.000004
-0.000005
-0.000009
