19433.890852
10079.651006
8347.820774
6672.119633
5435.541361
3957.122677
3948.477553
3529.599754
3138.436074
2576.840438
2366.998856
2203.759241
2104.290199
1849.429882
1619.921020
1491.710537
1349.675587
1197.991309
1107.016379
1034.709091
1010.602416
846.974291
788.423929
717.253000
684.034710
673.739852
621.808009
563.772334
536.784534
521.734512
485.996920
464.015159
454.731713
418.454724
374.325337
339.101711
336.159075
328.473536
318.963928
312.432525
305.581280
278.645665
260.852330
253.153788
249.495441
229.735487
225.607112
222.245424
200.485534
199.851539
179.482965
178.692015
174.077985
169.107041
165.579644
153.434835
146.046872
144.573076
134.704735
126.907167
119.667802
117.637177
113.853289
111.820030
108.397359
105.734176
99.622716
93.721573
92.287269
87.193777
82.245181
80.947929
75.919551
72.687900
70.426222
68.005241
64.802801
63.871067
60.334043
59.931440
56.729187
52.936005
52.264388
49.304624
47.022057
45.527125
43.796088
40.698201
38.974375
37.076407
34.191586
33.653366
32.365670
30.992367
29.532048
28.431657
27.570296
25.889123
25.143792
24.258261
23.657876
22.267434
21.203758
20.750566
20.367143
19.563190
19.085583
17.298060
16.742955
16.203334
15.091712
14.579807
14.259130
13.000671
12.735831
12.603625
11.585901
11.522020
11.154991
10.638326
9.825371
9.172231
8.929348
8.749800
8.071763
7.463749
7.386180
7.274080
6.861614
6.613299
6.067530
5.520072
5.425905
5.063671
4.756461
4.494548
4.132457
4.029269
3.857058
3.496682
3.273143
3.118613
2.898846
2.607067
2.520011
2.386384
2.229970
2.025020
1.962354
1.763627
1.591907
1.465541
1.308751
1.260047
1.154657
1.124497
0.907529
0.893528
0.865477
0.755159
0.723409
0.653408
0.593195
0.510994
0.475646
0.466080
0.358312
0.318919
0.268454
0.249767
0.198692
0.174338
0.159370
0.091507
0.084619
0.061703
0.046199
0.036705
0.027506
0.000020
0.000017
0.000012
0.000012
0.000009
0.000006
0.000005
0.000003
0.000001
-0.000001
-0.000001
-0.000001
-0.000001
-0.000005
-0.000007
-0.000007
-0.000016
