28211.502073
15569.847272
7973.151966
5757.678519
4851.079642
4360.928507
3034.346270
2357.489623
1415.769869
1292.252701
1164.408423
1095.214897
994.591408
727.963284
686.247233
612.261068
561.161515
531.818902
522.518963
439.541244
399.241564
363.532105
341.709496
305.583087
292.065966
271.951901
242.548092
230.621112
208.658154
197.078117
178.530533
167.461366
161.415226
157.130882
152.676149
141.205632
133.319738
120.833188
110.861615
105.638535
103.061543
101.691280
95.038641
87.190150
82.421165
78.191453
74.406414
72.865739
70.879931
65.706531
61.915385
60.440193
59.035924
52.266465
51.693078
45.964333
41.378846
40.501176
39.593188
38.748569
36.395894
35.556398
34.635682
32.363290
30.475596
29.443845
27.989063
25.555211
25.186650
23.826202
23.009218
21.665892
19.792023
18.660854
17.716811
17.344040
16.335973
15.713870
14.923697
14.101352
13.887866
13.526281
12.210403
11.787526
11.450077
11.231597
10.562080
9.647760
9.239342
8.692585
8.401391
7.941669
7.540219
7.308728
7.103552
6.944376
5.928432
5.810925
5.452138
4.986613
4.974716
4.727930
4.547203
4.359842
4.195929
4.049790
3.810962
3.509894
3.418208
3.325536
3.187534
2.762073
2.587077
2.481472
2.340826
2.027653
2.000777
1.982280
1.846642
1.736395
1.626265
1.508812
1.387929
1.267885
1.225922
1.140848
1.073648
1.002171
0.960995
0.909348
0.875411
0.831670
0.779030
0.680414
0.594078
0.549421
0.527353
0.509805
0.478445
0.426670
0.402950
0.374618
0.328195
0.309520
0.286057
0.258806
0.223163
0.193774
0.170539
0.159793
0.147922
0.128732
0.118219
0.109913
0.104977
0.092834
0.081221
0.069414
0.062040
0.049395
0.043058
0.035388
0.027561
0.025428
0.020435
0.014542
0.014492
0.011937
0.008684
0.007226
0.005379
0.003946
0.002976
0.002664
0.001701
0.001179
0.000657
0.000649
0.000078
0.000068
0.000045
0.000032
0.000029
0.000025
0.000021
0.000017
0.000017
0.000016
0.000013
0.000010
0.000007
0.000005
0.000004
0.000000
0.000000
0.000000
