16708.088876
12055.672903
10747.314667
9039.394883
8270.817681
5626.899166
5106.135062
4207.976857
3561.179556
3036.642334
2941.472575
2575.286159
2533.860808
2246.101521
1964.987580
1566.982224
1433.984842
1363.465461
1296.858610
1138.813428
1051.809686
1032.738787
989.755163
842.334394
743.462442
673.847456
610.776535
603.405816
586.595381
562.685272
523.503812
498.795078
466.515823
442.044486
428.595377
384.482858
364.439627
351.726589
337.796403
336.160109
314.655881
295.782780
279.995674
272.627707
236.054045
226.534116
218.940674
209.896604
202.686537
196.936304
187.489856
182.341332
175.530739
164.425237
152.936148
149.056911
142.017764
137.863558
135.348665
125.732765
121.062419
118.249877
113.878143
108.466266
106.175195
101.247455
97.352079
94.741789
90.387934
86.233658
85.841968
80.193936
75.685339
71.381169
69.693387
68.868124
66.266843
62.555256
61.202189
56.493518
55.369187
54.704924
53.950442
51.480325
48.471616
46.577064
44.306747
43.842317
42.289690
40.375844
37.683882
35.794678
34.280706
33.350019
32.122294
29.695089
29.475460
28.123418
25.217675
24.940675
23.531654
22.978266
21.744518
21.150451
20.488113
20.248994
19.556318
17.977836
17.663461
17.245562
16.073771
15.246342
14.673522
14.449264
13.322014
12.922950
12.078261
11.757165
11.428730
10.398196
9.815250
9.235902
8.852253
8.228973
8.036377
7.635320
7.455258
6.976431
6.630559
6.517444
6.016305
5.514952
5.044100
4.677061
4.557722
4.274335
3.830514
3.786187
3.607168
3.224420
3.085207
2.888833
2.797033
2.497641
2.469499
2.345346
2.277821
2.029710
1.898751
1.694726
1.600374
1.529261
1.451913
1.311299
1.199664
1.152182
1.008268
0.997225
0.857895
0.749756
0.672714
0.641134
0.523655
0.494314
0.447158
0.426022
0.379121
0.339382
0.283016
0.245349
0.197291
0.175266
0.159048
0.127938
0.093360
0.084277
0.046134
0.030900
0.021035
0.000013
0.000007
0.000007
0.000005
0.000004
0.000004
0.000000
0.000000
0.000000
0.000000
-0.000000
-0.000000
-0.000001
-0.000002
-0.000004
-0.000014
-0.000014
