21407.909302
17108.124764
10023.099871
7808.868154
6510.421934
5446.113008
4660.765276
4016.730383
3155.984763
2744.253629
2374.059365
2020.140798
1559.026432
1401.784277
1244.271561
1238.757592
1085.793398
997.099351
831.365139
760.743109
700.601606
698.406236
661.616862
606.735786
597.428484
548.535948
519.207471
461.921202
434.062029
427.182856
370.871249
357.058731
327.364123
319.865737
312.447382
298.065927
278.300598
261.663977
252.333477
239.521185
222.659543
201.978239
190.406680
182.688792
175.392980
173.313525
167.050252
154.744670
140.986318
135.739063
123.832100
121.147004
115.776763
114.902218
110.508256
100.700462
99.191765
96.827541
88.745948
86.164054
82.910718
80.359080
77.605104
75.604610
71.005838
67.226144
65.689528
62.853976
61.652430
57.402305
56.207050
54.808460
50.716815
49.169295
48.676089
44.283533
42.795710
41.884262
40.467584
37.270673
34.491133
33.952545
31.989495
31.276044
29.743171
29.539995
28.940050
27.856199
26.061866
25.944401
25.675336
23.753474
21.821362
21.281260
20.072302
19.601483
18.848828
18.282056
17.649605
16.210015
15.824592
14.794300
14.563558
14.029677
13.241751
12.617586
11.754140
11.021369
10.725417
10.444298
10.313665
9.787354
9.413786
8.871241
8.632309
8.220642
7.932924
7.587583
6.898765
6.588594
6.367467
6.054338
5.441778
5.011172
4.877552
4.770336
4.503032
4.310441
4.079302
3.812728
3.708363
3.392113
3.091498
2.987951
2.774416
2.703876
2.588915
2.504675
2.227867
2.145361
1.927429
1.781438
1.710463
1.609621
1.431126
1.423061
1.335785
1.183655
1.143735
1.036405
0.952129
0.826165
0.796793
0.733360
0.669434
0.609431
0.573849
0.529668
0.447015
0.418276
0.376842
0.341330
0.318278
0.300117
0.276737
0.223824
0.207916
0.176296
0.169162
0.147348
0.138035
0.097773
0.091066
0.080466
0.053896
0.043252
0.022623
0.016716
0.011785
0.000009
0.000004
0.000004
0.000003
0.000003
0.000002
0.000001
0.000001
0.000000
0.000000
-0.000000
-0.000000
-0.000000
-0.000001
-0.000003
-0.000003
-0.000006
