14227.305729
10036.482481
7918.294746
6420.121774
6038.885479
4705.112809
4346.105166
3652.615480
3391.676342
2872.530310
2300.025915
2162.236512
2091.422521
1955.185599
1688.173542
1503.216762
1383.363235
1185.403917
1126.162846
1043.281221
1000.276940
943.373253
881.586797
859.454203
826.858845
723.758777
699.188662
653.208699
633.701949
594.791996
561.838723
514.367300
494.013857
484.450487
437.016527
416.410446
388.813905
369.862726
366.795029
343.057758
336.545402
313.878508
302.803361
277.382110
270.192789
248.806028
241.531196
236.011611
225.703663
224.040339
210.534550
204.545262
194.914097
186.100443
183.455235
174.897654
166.122567
160.207774
156.226138
147.198090
141.184497
138.437220
134.506852
132.942210
122.674570
116.678997
112.112138
109.104929
106.567699
103.563865
98.227693
96.975100
90.008464
89.406384
84.104625
80.195294
79.251342
74.992602
72.220455
71.082358
64.625374
63.781429
61.278411
59.099288
56.220293
54.344687
51.131106
49.170053
48.265075
46.416709
44.275615
43.367489
40.422413
38.896065
37.544354
35.872647
34.028613
33.850298
31.327745
30.419743
29.556465
28.655316
27.797316
26.578715
25.161213
23.524843
23.071442
22.577571
21.514885
19.839537
19.081000
18.719143
18.016423
16.994545
15.773808
15.329842
14.758165
14.189473
13.459468
13.030595
12.761937
11.921595
10.918892
10.645643
10.476101
10.275100
9.656468
9.096817
8.846715
7.949776
7.806546
7.291463
6.959510
6.716454
6.245487
6.169280
5.717528
5.596062
5.250862
4.817405
4.634874
4.480041
4.124399
3.933971
3.727518
3.220716
3.145302
3.017735
2.721454
2.577164
2.268780
2.139465
1.937129
1.853055
1.805304
1.628450
1.505866
1.418293
1.277296
1.153011
1.017060
0.903642
0.861537
0.789306
0.689368
0.549914
0.518098
0.468155
0.443252
0.351742
0.333598
0.279538
0.221679
0.186985
0.117745
0.097202
0.069005
0.046268
0.030102
0.000021
0.000013
0.000011
0.000008
0.000008
0.000007
0.000007
0.000005
0.000003
0.000003
0.000002
0.000001
0.000000
-0.000001
-0.000002
-0.000002
-0.000003
