15051.866006
10062.972991
8827.134779
7300.867944
5855.810100
5527.182304
4391.598247
4237.104760
3362.339814
3338.615133
2652.019341
2532.163564
2368.061415
2036.930352
1751.641828
1710.445265
1641.567175
1430.491873
1383.211982
1361.683702
1114.004667
1063.600674
973.416688
918.433390
849.452190
831.500684
776.605714
752.593096
735.605659
686.088770
679.299018
656.678338
589.101555
569.387689
548.838693
513.471081
460.719678
456.135935
422.569453
413.932240
397.682028
358.715733
344.007894
336.437313
324.435919
305.921890
287.112785
280.477090
269.309301
258.879293
243.097107
237.505019
230.694090
220.980287
215.508531
206.144243
194.962959
184.528203
175.495127
169.000690
164.180107
161.598905
145.692991
141.528677
135.829670
131.807649
130.084678
124.597316
121.707773
115.400061
113.612064
107.952231
104.742721
99.494298
96.916713
91.767515
90.627191
86.639910
80.820508
79.538880
74.216560
72.511976
71.731820
66.881598
66.506080
60.763302
57.738129
55.024219
54.952298
52.033259
51.019570
48.707479
47.475684
46.223043
44.337937
41.698031
41.126289
39.798466
38.895385
37.650357
34.489065
33.155075
32.329187
30.158125
29.380149
28.212382
27.638068
26.151790
25.802069
23.709585
23.089931
22.525922
21.696844
20.186642
19.456932
18.703581
17.724453
17.044362
16.336692
16.029989
15.228246
14.831324
14.617939
13.597887
12.840976
12.128041
11.398607
11.035110
10.736028
9.833835
9.706134
9.245802
8.909574
8.408167
7.964928
7.783887
7.319809
6.953358
6.596142
6.333849
5.907075
5.450376
5.274022
4.976099
4.691375
4.427082
4.184739
3.737120
3.639195
3.379552
3.060426
2.836816
2.660569
2.535713
2.285896
1.976580
1.901260
1.695033
1.635414
1.564489
1.402543
1.321422
1.143869
1.048925
0.935096
0.890559
0.715181
0.664771
0.572038
0.471785
0.411638
0.386403
0.309928
0.297662
0.200268
0.156143
0.137616
0.095943
0.065143
0.000026
0.000009
0.000003
0.000003
-0.000000
-0.000000
-0.000000
-0.000001
-0.000001
-0.000001
-0.000002
-0.000003
-0.000004
-0.000005
-0.000006
-0.000007
-0.000011
