14201.756060
10175.287488
8156.839088
7114.464678
4718.574016
4369.320140
3739.812261
2859.841783
2585.874877
2461.302995
2240.442663
2067.891282
1853.329879
1694.501545
1595.721133
1461.971239
1354.595641
1224.325203
1154.207152
1001.660931
936.365337
902.058638
785.397703
741.864906
722.614193
702.449066
687.333487
611.819289
536.383345
532.952356
502.218413
448.005464
440.937007
427.116842
405.755079
391.090252
374.660039
355.535743
345.379874
316.978508
315.163973
297.348608
277.910083
252.027029
248.934178
241.903028
233.474328
229.674257
216.674261
201.151257
199.056813
185.875697
173.841102
166.037815
162.015863
157.848488
146.408528
145.024390
137.014116
131.163705
127.654301
124.386480
121.419503
113.234232
110.713781
105.569870
102.312062
101.853786
93.112907
87.227575
86.604484
86.121927
84.097968
80.013743
77.711968
74.371310
73.521786
67.289442
65.480509
63.165524
59.747661
58.542176
57.899730
57.038590
53.423767
52.387467
49.919977
48.631637
46.299326
44.880855
42.767876
42.278610
41.678744
38.713325
36.493805
35.220608
34.686244
32.961428
31.619946
29.379122
28.721294
27.204835
26.243853
25.231720
24.452560
22.826539
22.470186
20.912381
20.357166
19.746429
19.209419
18.343869
17.637989
16.644123
16.551258
15.418932
14.874803
14.013026
13.084141
12.696972
12.477855
11.907021
11.695935
10.965019
10.349186
10.108625
9.866708
8.853440
8.611788
8.263067
7.802833
7.043539
6.723438
6.378390
6.242750
5.609942
5.167615
4.972753
4.652992
4.561879
4.094277
4.009197
3.762098
3.609373
3.195606
3.053935
3.004138
2.644432
2.598478
2.536835
2.227440
2.063364
1.836046
1.792631
1.612545
1.394856
1.276958
1.246807
1.066830
1.029233
0.965219
0.870780
0.773704
0.718743
0.656923
0.569347
0.529364
0.507910
0.422139
0.327684
0.262263
0.233085
0.216346
0.152737
0.136009
0.122228
0.101402
0.049746
0.030776
0.000003
0.000002
0.000002
0.000001
0.000001
0.000001
0.000000
-0.000001
-0.000001
-0.000003
-0.000004
-0.000004
-0.000005
-0.000013
-0.000014
-0.000014
-0.000020
