25561.507629
17316.518686
13676.251877
7221.006506
6000.158939
4160.890116
3730.484314
3131.545998
2984.290844
1980.635380
1929.388044
1542.742889
1362.952279
1229.013179
1133.342158
1046.796525
907.438652
868.437786
838.369673
698.846439
624.310321
601.482450
537.765995
498.265311
481.700452
418.886722
416.745146
398.066338
376.740128
354.049864
341.936056
321.366803
296.769393
262.731979
251.745296
242.034229
220.952432
214.941150
191.050474
183.781824
177.630397
167.174016
159.219709
155.773657
150.081876
139.187428
133.053223
119.745401
114.555421
112.295523
109.533138
102.908607
97.658445
93.921053
90.230380
84.746173
80.080213
79.542477
72.396741
71.305166
70.028638
67.141546
64.210107
60.708668
59.064826
56.100178
52.501203
49.205578
48.158288
47.751790
43.896827
43.230455
40.743706
38.500648
37.788723
33.808102
33.280352
31.828573
31.748044
30.807511
28.336337
27.623819
27.509513
25.580391
24.792083
24.325547
22.685454
21.099067
20.531353
19.991303
18.845110
18.176706
17.211471
16.748390
15.990067
15.118088
14.768662
14.235208
13.572915
12.836110
12.319673
11.451095
11.064459
10.837804
10.299453
9.529977
9.360236
8.868000
8.661136
8.081247
7.989926
7.392468
6.886036
6.782670
6.472057
6.163705
5.688247
5.680303
5.568733
5.121930
5.054584
4.590151
4.236227
4.185704
3.816950
3.575912
3.498165
3.340061
3.228844
3.060269
2.886790
2.632937
2.548181
2.415428
2.369794
2.320929
2.072398
1.987589
1.915322
1.902026
1.693681
1.613461
1.532496
1.367077
1.321960
1.226776
1.118059
1.072239
1.019052
0.902682
0.874687
0.806097
0.784006
0.715961
0.676122
0.596089
0.585873
0.507974
0.468673
0.420105
0.396419
0.373175
0.324538
0.288397
0.222208
0.205015
0.162512
0.138304
0.132094
0.121878
0.087578
0.080986
0.076386
0.056526
0.036904
0.032847
0.021644
0.017729
0.006583
0.000004
0.000004
0.000003
0.000003
0.000002
0.000001
0.000001
0.000000
-0.000000
-0.000000
-0.000001
-0.000001
-0.000002
-0.000002
-0.000002
-0.000006
-0.000013
