21594.545313
12461.862010
7954.855634
5037.493334
3902.233821
3619.444183
3161.482276
2441.640874
1787.353806
1555.866620
1491.693922
1308.745732
1162.826440
1047.003670
977.502692
904.435375
687.912256
636.882766
593.368075
564.236098
543.492963
506.923526
469.066939
465.392834
405.509566
365.695834
350.311040
317.137795
300.390398
289.377839
260.782104
256.106250
225.089650
215.668030
208.903120
204.527208
199.529019
182.942986
174.673533
163.514309
158.533169
153.156836
138.500615
137.290820
134.204827
123.790896
116.300496
111.073454
109.267373
100.416178
99.861637
93.810853
90.204818
86.527263
82.757402
81.231572
74.431908
71.310372
69.882632
65.103217
63.112199
61.388944
59.600602
55.553942
54.242986
51.679692
50.060143
48.367978
44.527654
42.011569
40.991659
38.693535
38.341745
36.724609
35.083528
32.857902
32.060014
30.421641
28.734418
28.024399
26.892576
25.497747
24.416172
23.009356
21.820893
21.238396
20.652823
19.655924
19.005290
18.272172
18.058254
16.696868
15.993973
15.477127
14.693968
14.331235
14.064240
13.065239
11.855940
11.412818
11.122180
10.831554
9.982827
9.597833
9.057038
9.043344
8.884971
8.217656
8.035424
6.983870
6.855937
6.597445
6.106777
5.912531
5.555820
5.254852
5.090631
4.908895
4.489740
4.281493
4.010717
3.758992
3.494631
3.380658
3.270221
3.193047
3.006956
2.935073
2.520401
2.423780
2.313765
2.081062
2.011778
1.890077
1.773328
1.533340
1.510150
1.460960
1.431953
1.236615
1.140060
1.103519
1.060199
0.949049
0.919063
0.798022
0.737219
0.692197
0.662936
0.543914
0.513288
0.502794
0.424483
0.404580
0.348994
0.321647
0.286030
0.261365
0.248810
0.236810
0.211525
0.178495
0.158203
0.137040
0.117100
0.106644
0.079924
0.074956
0.064099
0.051349
0.040416
0.036684
0.032582
0.029443
0.024052
0.013973
0.010078
0.006993
0.002216
0.000019
0.000005
0.000004
0.000004
0.000002
0.000001
0.000001
0.000000
-0.000001
-0.000001
-0.000001
-0.000002
-0.000003
-0.000003
-0.000003
-0.000005
-0.000006
