25396.319782
11158.314661
8868.681237
7400.554932
6523.326040
6340.654923
4401.149323
4110.424269
3405.476779
3281.003136
2728.588345
2398.090005
2292.677982
2014.220931
1797.623913
1607.035551
1369.740220
1349.236486
1222.159234
1130.818287
969.471571
906.706000
886.379689
827.194871
807.203816
748.015029
658.293144
620.036306
555.039790
530.287120
495.126875
459.214685
430.575840
423.426044
364.793187
358.257076
354.763574
345.923139
322.151506
300.736771
282.736605
273.358576
261.915315
251.746396
237.829243
226.424889
215.785091
211.630104
202.954287
187.271220
173.356683
160.952894
160.013965
152.125943
148.687821
144.712928
141.874699
140.104536
124.059122
123.400107
117.861399
115.718225
113.338685
104.743942
103.685587
97.055098
94.937695
92.298526
89.664747
82.582521
78.549194
76.484763
73.090671
70.313384
67.688928
65.603894
62.751878
59.841627
59.347509
58.587991
53.603618
52.334244
49.122640
48.844133
45.722805
45.252075
43.417204
40.223805
39.063324
38.047687
36.320800
34.508527
32.831240
32.011744
29.796588
29.387563
27.796814
26.316530
25.812527
25.085280
23.625225
23.138849
22.220764
21.412692
20.228930
19.843376
18.808941
17.617786
17.077168
15.902351
15.170633
14.574077
14.337114
13.925486
13.463936
13.236219
12.698573
12.254396
11.535918
11.080621
10.684234
10.349032
9.421208
8.911511
8.582446
8.437224
7.861624
7.532825
7.153225
6.827150
6.609939
6.407426
6.204594
5.589308
5.398230
5.190922
4.972807
4.598143
4.451587
4.089639
3.780335
3.638579
3.378496
3.248087
2.786653
2.668738
2.631737
2.403495
2.073353
1.878132
1.852052
1.767093
1.670416
1.527852
1.437081
1.328218
1.252833
1.214936
1.081470
1.033131
0.957020
0.843580
0.732292
0.655665
0.517414
0.488093
0.422354
0.402537
0.336428
0.328888
0.244377
0.212224
0.146489
0.120322
0.117204
0.102681
0.089206
0.065479
0.042684
0.000015
0.000004
0.000004
0.000003
0.000003
0.000002
0.000002
-0.000000
-0.000000
-0.000001
-0.000001
-0.000001
-0.000001
-0.000002
-0.000002
-0.000004
-0.000009
