22794.408332
21100.901206
8662.723552
8202.596044
6839.251335
5308.775884
4342.200806
3700.912243
3012.730737
2909.493420
2467.355285
2291.046392
2018.414090
1851.080194
1412.266053
1255.783338
1230.184988
1134.094117
1032.549424
965.756460
833.271506
784.494747
731.238667
699.980825
636.161567
628.127139
579.102342
561.009843
511.790315
467.597886
444.340356
430.591156
399.160973
369.229141
360.449451
348.366459
309.293679
294.047557
275.466845
247.908396
236.574385
232.574901
225.261926
215.408069
209.098109
192.146499
186.920853
175.695557
163.502937
160.141159
154.876625
146.734724
145.043008
136.177299
124.773842
121.864401
117.280656
116.141583
109.187107
108.334712
100.073336
96.162069
90.853644
87.663752
83.884125
79.421075
78.385487
73.871202
70.941235
67.067100
65.955739
63.003891
56.430531
55.966141
53.243270
50.831525
47.692149
46.980552
44.971062
43.900446
41.126126
40.635053
39.805079
38.011416
37.249842
36.940169
33.059229
32.195526
31.422701
29.845855
28.879182
27.932546
25.939519
24.849911
23.878194
23.616311
23.444666
22.358921
21.535759
20.748114
20.052003
19.163011
17.833459
16.796691
15.508865
15.065654
14.520519
14.065408
13.366141
12.937670
12.321815
11.878546
11.379345
11.116646
10.956344
9.762054
9.448017
8.811422
8.299212
7.997490
7.375254
7.138763
7.022261
6.681936
6.092097
5.907311
5.669299
5.460900
5.273746
5.076777
5.013105
4.544566
4.496325
3.881251
3.837665
3.706969
3.583334
3.352873
3.158034
2.975047
2.685258
2.438270
2.239051
2.224762
2.170846
2.046721
1.982306
1.825549
1.774683
1.532223
1.476580
1.307068
1.203090
1.186415
1.031050
0.963202
0.837645
0.762209
0.741471
0.660582
0.605872
0.543984
0.493350
0.441093
0.368775
0.342939
0.314848
0.236537
0.223105
0.195381
0.180310
0.135167
0.111267
0.100050
0.085500
0.066946
0.054642
0.048921
0.031418
0.000014
0.000009
0.000008
0.000008
0.000006
0.000004
0.000003
0.000002
0.000002
0.000001
0.000001
0.000000
-0.000000
-0.000001
-0.000002
-0.000002
-0.000007
