14946.403613
6192.508523
4888.145205
4011.411869
1998.871154
1761.138591
1461.626364
1238.196934
1015.704450
700.929092
634.554183
573.857986
418.964994
377.242766
334.845928
329.682333
309.677570
282.809443
244.295857
225.215214
196.579790
190.050528
181.293936
158.957404
153.161907
140.082894
128.906986
122.205264
103.744090
99.000903
98.081612
93.933354
84.426827
80.053307
76.908069
70.256005
68.353190
64.852424
61.750881
57.009440
54.395581
52.698352
48.251967
44.304100
41.486826
39.440853
38.096677
37.328634
34.997091
30.973859
30.066333
28.225876
26.300816
25.308711
24.737788
24.031035
22.999767
22.336910
20.191521
19.278158
18.614423
17.861020
16.310762
15.588650
15.228132
14.677720
13.875855
12.763270
12.365492
10.799611
10.685041
10.409256
9.690740
9.231723
8.555743
8.098403
7.578087
7.417891
7.187301
6.526243
6.098066
5.935393
5.453581
5.260282
4.543936
4.378883
4.176661
4.083969
3.761456
3.607210
3.581000
3.220747
3.011195
2.838313
2.698709
2.509074
2.236943
2.137363
2.050325
1.857861
1.775527
1.729924
1.596089
1.510234
1.434447
1.403264
1.251286
1.212981
1.028916
0.996293
0.887806
0.836058
0.778373
0.743983
0.705416
0.642828
0.602876
0.567063
0.515805
0.452101
0.428531
0.408722
0.378046
0.331184
0.286424
0.283414
0.277117
0.227928
0.204836
0.186075
0.169254
0.157247
0.144321
0.139170
0.125977
0.114243
0.109191
0.084532
0.069065
0.064086
0.048437
0.044493
0.043962
0.038338
0.036698
0.031249
0.025713
0.022533
0.022012
0.018386
0.015899
0.012181
0.009068
0.008616
0.006736
0.006185
0.004436
0.003137
0.002155
0.002008
0.001651
0.001262
0.000799
0.000625
0.000478
0.000232
0.000147
0.000126
0.000095
0.000000
0.000000
0.000000
0.000000
0.000000
0.000000
0.000000
0.000000
0.000000
0.000000
0.000000
0.000000
0.000000
0.000000
0.000000
0.000000
0.000000
0.000000
0.000000
0.000000
0.000000
0.000000
0.000000
0.000000
0.000000
0.000000
0.000000
