3.66667
19.5444
1.34444
1.35556
30.1556
33.9556
7.21667
3.00556
104.511
52.7833
24.5278
7.87778
79.9556
75.0833
32.4444
7.06111
19.8389
69.25
29.4944
2.09444
9.59444
31.1444
13.4222
1.16111
2.15556
5.57222
1.3
0.116667
8.51667
78.3444
8.03333
5.06111
23.75
91.8889
15.8667
7.33889
62.9944
58.7444
24.5667
9.72778
35.2556
78.45
27.5389
5.11111
14.5833
80.7
24.7722
2.52222
15.0444
35.9889
11.8333
2.77778
2.66667
7.84444
1.42222
0.866667
5.20556
53.1278
7.56111
2.62778
33.2389
44.3
11.0167
4.6
90.5389
36.5333
16.0889
10.65
41.2056
59.1
20.6833
6.28889
31.9778
66.2222
28.8833
7.58333
29.3833
63.25
14.4111
22.5778
9.16111
33.1889
1.33889
26.6
5.52222
15.4722
16.35
0.1
27.5722
36.4389
34.5667
2.3
62.6556
44.7167
28.3944
12.0222
48.7667
71.5667
34.9444
11.4667
53.1
58.65
44.8333
8.76111
26.3222
64.0556
17.0222
26.6444
70.25
56.1444
2.32778
74.7889
46.7389
34.2278
54.6556
0.555556
27.2778
46.1278
52.5667
3.08333
60.6333
35.9278
21.7444
17.3722
69.8167
29.1611
33.9056
15.25
57.6722
13.8944
41.7611
3.07222
14.7667
8.88889
8.35
5.65
162.061
18.9944
15.9167
40.8389
112.211
43.9
42.05
16.2833
31.2722
35.5444
28.4111
5.72778
45.45
35.6167
31.4889
9.37778
55.4444
32.4222
30.6278
14.8833
35.3111
12.6556
17.6556
8.46667
11.7278
3.18889
11.6056
0.633333
148.961
13.9278
59.5722
4.30556
88.1889
101.733
11.3167
51.6611
21.3389
125.744
37.8944
17.7556
20.5278
78.8722
51.3778
4.52222
33.5556
42.7556
21.3
13.9111
32.55
23.4
10.3056
11.4
47.4778
29.0278
47.2889
2.30556
101.589
38.6944
85.4444
1.32778
