3.92222
21.4056
1.41111
1.46111
31.95
35.9389
7.61667
3.12778
114.506
56.5722
26.3611
8.49444
88.1056
80.5333
35.4833
7.84444
21.8667
74.2944
32.1778
2.29444
10.2222
33.4944
14.3389
1.27778
2.28889
5.75
1.33333
0.15
9.55556
87.3944
8.95
5.55556
25.6111
100.694
17.4056
7.82222
68.3
63.9389
26.8944
10.5444
38.5889
85.5778
30.4444
5.83333
15.9222
88.2833
27.7944
2.86667
16.1111
39.1389
13.2722
2.92222
2.87778
8.24444
1.56667
0.911111
5.90556
61.1
8.65
2.98889
35.85
49.4389
12.5444
4.92222
98.3944
40.25
17.9556
11.6778
45.8722
63.15
22.5111
6.82222
35.8444
71.1944
30.8722
8.72222
31.1778
67.9556
15.4722
24.3833
9.58333
35.1889
1.59444
27.8556
5.73333
16.9944
17.6389
0.155556
30.0667
39.3111
37.1667
2.51111
68.8389
48.9278
30.9
12.9
54.2
77.9222
38.0556
12.2778
58.0778
63.8778
48.1278
9.86111
28.2056
71.0556
17.9944
29.7778
74.4444
61.1722
2.50556
81.5222
50.1333
36.2722
58.8333
0.661111
30.3278
49.8889
57.0222
3.59444
65.8611
39.4778
23.9889
18.85
76.5111
31.7167
36.9444
16.35
63.3111
15.15
44.6111
3.29444
15.9389
10.2278
8.86667
6.32222
175.039
21.1944
16.9778
46.2
120.239
46.95
45.1944
17.85
35.1278
39.2778
30.6333
6.72778
49.9556
38.85
33.7056
10.5889
61.2833
34.55
33.1889
16.2556
38.9444
13.5
18.9944
9.00556
12.2889
3.38333
12.7278
0.677778
162.122
14.7611
65.3389
5.02222
94.4056
107.639
11.9667
55.6111
23.3278
135.511
39.9056
19.7111
23.2111
86.7056
54.8944
5.65556
